          52          13
     0.0000E+00     1.0000E-05            NaN
     1.0000E-03     1.0000E-05            NaN
     1.2589E-03     1.0000E-05            NaN
     1.5849E-03     1.0000E-05            NaN
     1.9953E-03     1.0000E-05            NaN
     2.5119E-03     1.0000E-05            NaN
     3.1623E-03     1.0000E-05            NaN
     3.9811E-03     1.0000E-05            NaN
     5.0119E-03     1.0000E-05            NaN
     6.3096E-03     1.0000E-05            NaN
     7.9433E-03     1.0000E-05            NaN
     1.0000E-02     1.0000E-05            NaN
     1.2589E-02     1.0000E-05            NaN
     1.5849E-02     1.0000E-05            NaN
     1.9953E-02     1.0000E-05            NaN
     2.5119E-02     1.0000E-05            NaN
     3.1623E-02     1.0000E-05            NaN
     3.9811E-02     1.0000E-05            NaN
     5.0119E-02     1.0000E-05            NaN
     6.3096E-02     1.0000E-05            NaN
     7.9433E-02     1.0000E-05            NaN
     1.0000E-01     1.0000E-05            NaN
     1.2589E-01     1.0000E-05            NaN
     1.5849E-01     1.0000E-05            NaN
     1.9953E-01     1.0000E-05            NaN
     2.5119E-01     1.0000E-05            NaN
     3.1623E-01     1.0000E-05            NaN
     3.9811E-01     1.0000E-05            NaN
     5.0119E-01     1.0000E-05            NaN
     6.3096E-01     1.0000E-05            NaN
     7.9433E-01     1.0000E-05            NaN
     1.0000E+00     1.0000E-05            NaN
     1.2589E+00     1.0000E-05            NaN
     1.5849E+00     1.0000E-05            NaN
     1.9953E+00     1.0000E-05            NaN
     2.5119E+00     1.0000E-05            NaN
     3.1623E+00     1.0000E-05            NaN
     3.9811E+00     1.0000E-05            NaN
     5.0119E+00     1.0000E-05            NaN
     6.3096E+00     1.0000E-05            NaN
     7.9433E+00     1.0000E-05            NaN
     1.0000E+01     1.0000E-05            NaN
     1.2589E+01     1.0000E-05            NaN
     1.5849E+01     1.0000E-05            NaN
     1.9953E+01     1.0000E-05            NaN
     2.5119E+01     1.0000E-05            NaN
     3.1623E+01     1.0000E-05            NaN
     3.9811E+01     1.0000E-05            NaN
     5.0119E+01     1.0000E-05            NaN
     6.3096E+01     1.0000E-05            NaN
     7.9433E+01     1.0000E-05            NaN
     1.0000E+02     1.0000E-05            NaN
     0.0000E+00     1.0000E-04            NaN
     1.0000E-03     1.0000E-04            NaN
     1.2589E-03     1.0000E-04            NaN
     1.5849E-03     1.0000E-04            NaN
     1.9953E-03     1.0000E-04            NaN
     2.5119E-03     1.0000E-04            NaN
     3.1623E-03     1.0000E-04            NaN
     3.9811E-03     1.0000E-04            NaN
     5.0119E-03     1.0000E-04            NaN
     6.3096E-03     1.0000E-04            NaN
     7.9433E-03     1.0000E-04            NaN
     1.0000E-02     1.0000E-04            NaN
     1.2589E-02     1.0000E-04            NaN
     1.5849E-02     1.0000E-04            NaN
     1.9953E-02     1.0000E-04            NaN
     2.5119E-02     1.0000E-04            NaN
     3.1623E-02     1.0000E-04            NaN
     3.9811E-02     1.0000E-04            NaN
     5.0119E-02     1.0000E-04            NaN
     6.3096E-02     1.0000E-04            NaN
     7.9433E-02     1.0000E-04            NaN
     1.0000E-01     1.0000E-04            NaN
     1.2589E-01     1.0000E-04            NaN
     1.5849E-01     1.0000E-04            NaN
     1.9953E-01     1.0000E-04            NaN
     2.5119E-01     1.0000E-04            NaN
     3.1623E-01     1.0000E-04            NaN
     3.9811E-01     1.0000E-04            NaN
     5.0119E-01     1.0000E-04            NaN
     6.3096E-01     1.0000E-04            NaN
     7.9433E-01     1.0000E-04            NaN
     1.0000E+00     1.0000E-04            NaN
     1.2589E+00     1.0000E-04            NaN
     1.5849E+00     1.0000E-04            NaN
     1.9953E+00     1.0000E-04            NaN
     2.5119E+00     1.0000E-04            NaN
     3.1623E+00     1.0000E-04            NaN
     3.9811E+00     1.0000E-04            NaN
     5.0119E+00     1.0000E-04            NaN
     6.3096E+00     1.0000E-04            NaN
     7.9433E+00     1.0000E-04            NaN
     1.0000E+01     1.0000E-04            NaN
     1.2589E+01     1.0000E-04            NaN
     1.5849E+01     1.0000E-04            NaN
     1.9953E+01     1.0000E-04            NaN
     2.5119E+01     1.0000E-04            NaN
     3.1623E+01     1.0000E-04            NaN
     3.9811E+01     1.0000E-04            NaN
     5.0119E+01     1.0000E-04            NaN
     6.3096E+01     1.0000E-04            NaN
     7.9433E+01     1.0000E-04            NaN
     1.0000E+02     1.0000E-04            NaN
     0.0000E+00     1.0000E-03            NaN
     1.0000E-03     1.0000E-03            NaN
     1.2589E-03     1.0000E-03            NaN
     1.5849E-03     1.0000E-03            NaN
     1.9953E-03     1.0000E-03            NaN
     2.5119E-03     1.0000E-03            NaN
     3.1623E-03     1.0000E-03            NaN
     3.9811E-03     1.0000E-03            NaN
     5.0119E-03     1.0000E-03            NaN
     6.3096E-03     1.0000E-03            NaN
     7.9433E-03     1.0000E-03            NaN
     1.0000E-02     1.0000E-03            NaN
     1.2589E-02     1.0000E-03            NaN
     1.5849E-02     1.0000E-03            NaN
     1.9953E-02     1.0000E-03            NaN
     2.5119E-02     1.0000E-03            NaN
     3.1623E-02     1.0000E-03            NaN
     3.9811E-02     1.0000E-03            NaN
     5.0119E-02     1.0000E-03            NaN
     6.3096E-02     1.0000E-03            NaN
     7.9433E-02     1.0000E-03            NaN
     1.0000E-01     1.0000E-03            NaN
     1.2589E-01     1.0000E-03            NaN
     1.5849E-01     1.0000E-03            NaN
     1.9953E-01     1.0000E-03            NaN
     2.5119E-01     1.0000E-03            NaN
     3.1623E-01     1.0000E-03            NaN
     3.9811E-01     1.0000E-03            NaN
     5.0119E-01     1.0000E-03            NaN
     6.3096E-01     1.0000E-03            NaN
     7.9433E-01     1.0000E-03            NaN
     1.0000E+00     1.0000E-03            NaN
     1.2589E+00     1.0000E-03            NaN
     1.5849E+00     1.0000E-03            NaN
     1.9953E+00     1.0000E-03            NaN
     2.5119E+00     1.0000E-03            NaN
     3.1623E+00     1.0000E-03            NaN
     3.9811E+00     1.0000E-03            NaN
     5.0119E+00     1.0000E-03            NaN
     6.3096E+00     1.0000E-03            NaN
     7.9433E+00     1.0000E-03            NaN
     1.0000E+01     1.0000E-03            NaN
     1.2589E+01     1.0000E-03            NaN
     1.5849E+01     1.0000E-03            NaN
     1.9953E+01     1.0000E-03            NaN
     2.5119E+01     1.0000E-03            NaN
     3.1623E+01     1.0000E-03            NaN
     3.9811E+01     1.0000E-03            NaN
     5.0119E+01     1.0000E-03            NaN
     6.3096E+01     1.0000E-03            NaN
     7.9433E+01     1.0000E-03            NaN
     1.0000E+02     1.0000E-03            NaN
     0.0000E+00     2.0000E-03            NaN
     1.0000E-03     2.0000E-03            NaN
     1.2589E-03     2.0000E-03            NaN
     1.5849E-03     2.0000E-03            NaN
     1.9953E-03     2.0000E-03            NaN
     2.5119E-03     2.0000E-03            NaN
     3.1623E-03     2.0000E-03            NaN
     3.9811E-03     2.0000E-03            NaN
     5.0119E-03     2.0000E-03            NaN
     6.3096E-03     2.0000E-03            NaN
     7.9433E-03     2.0000E-03            NaN
     1.0000E-02     2.0000E-03            NaN
     1.2589E-02     2.0000E-03            NaN
     1.5849E-02     2.0000E-03            NaN
     1.9953E-02     2.0000E-03            NaN
     2.5119E-02     2.0000E-03            NaN
     3.1623E-02     2.0000E-03            NaN
     3.9811E-02     2.0000E-03            NaN
     5.0119E-02     2.0000E-03            NaN
     6.3096E-02     2.0000E-03            NaN
     7.9433E-02     2.0000E-03            NaN
     1.0000E-01     2.0000E-03            NaN
     1.2589E-01     2.0000E-03            NaN
     1.5849E-01     2.0000E-03            NaN
     1.9953E-01     2.0000E-03            NaN
     2.5119E-01     2.0000E-03            NaN
     3.1623E-01     2.0000E-03            NaN
     3.9811E-01     2.0000E-03            NaN
     5.0119E-01     2.0000E-03            NaN
     6.3096E-01     2.0000E-03            NaN
     7.9433E-01     2.0000E-03            NaN
     1.0000E+00     2.0000E-03            NaN
     1.2589E+00     2.0000E-03            NaN
     1.5849E+00     2.0000E-03            NaN
     1.9953E+00     2.0000E-03            NaN
     2.5119E+00     2.0000E-03            NaN
     3.1623E+00     2.0000E-03            NaN
     3.9811E+00     2.0000E-03            NaN
     5.0119E+00     2.0000E-03            NaN
     6.3096E+00     2.0000E-03            NaN
     7.9433E+00     2.0000E-03            NaN
     1.0000E+01     2.0000E-03            NaN
     1.2589E+01     2.0000E-03            NaN
     1.5849E+01     2.0000E-03            NaN
     1.9953E+01     2.0000E-03            NaN
     2.5119E+01     2.0000E-03            NaN
     3.1623E+01     2.0000E-03            NaN
     3.9811E+01     2.0000E-03            NaN
     5.0119E+01     2.0000E-03            NaN
     6.3096E+01     2.0000E-03            NaN
     7.9433E+01     2.0000E-03            NaN
     1.0000E+02     2.0000E-03            NaN
     0.0000E+00     3.0000E-03            NaN
     1.0000E-03     3.0000E-03            NaN
     1.2589E-03     3.0000E-03            NaN
     1.5849E-03     3.0000E-03            NaN
     1.9953E-03     3.0000E-03            NaN
     2.5119E-03     3.0000E-03            NaN
     3.1623E-03     3.0000E-03            NaN
     3.9811E-03     3.0000E-03            NaN
     5.0119E-03     3.0000E-03            NaN
     6.3096E-03     3.0000E-03            NaN
     7.9433E-03     3.0000E-03            NaN
     1.0000E-02     3.0000E-03            NaN
     1.2589E-02     3.0000E-03            NaN
     1.5849E-02     3.0000E-03            NaN
     1.9953E-02     3.0000E-03            NaN
     2.5119E-02     3.0000E-03            NaN
     3.1623E-02     3.0000E-03            NaN
     3.9811E-02     3.0000E-03            NaN
     5.0119E-02     3.0000E-03            NaN
     6.3096E-02     3.0000E-03            NaN
     7.9433E-02     3.0000E-03            NaN
     1.0000E-01     3.0000E-03            NaN
     1.2589E-01     3.0000E-03            NaN
     1.5849E-01     3.0000E-03            NaN
     1.9953E-01     3.0000E-03            NaN
     2.5119E-01     3.0000E-03            NaN
     3.1623E-01     3.0000E-03            NaN
     3.9811E-01     3.0000E-03            NaN
     5.0119E-01     3.0000E-03            NaN
     6.3096E-01     3.0000E-03            NaN
     7.9433E-01     3.0000E-03            NaN
     1.0000E+00     3.0000E-03            NaN
     1.2589E+00     3.0000E-03            NaN
     1.5849E+00     3.0000E-03            NaN
     1.9953E+00     3.0000E-03            NaN
     2.5119E+00     3.0000E-03            NaN
     3.1623E+00     3.0000E-03            NaN
     3.9811E+00     3.0000E-03            NaN
     5.0119E+00     3.0000E-03            NaN
     6.3096E+00     3.0000E-03            NaN
     7.9433E+00     3.0000E-03            NaN
     1.0000E+01     3.0000E-03            NaN
     1.2589E+01     3.0000E-03            NaN
     1.5849E+01     3.0000E-03            NaN
     1.9953E+01     3.0000E-03            NaN
     2.5119E+01     3.0000E-03            NaN
     3.1623E+01     3.0000E-03            NaN
     3.9811E+01     3.0000E-03            NaN
     5.0119E+01     3.0000E-03            NaN
     6.3096E+01     3.0000E-03            NaN
     7.9433E+01     3.0000E-03            NaN
     1.0000E+02     3.0000E-03            NaN
     0.0000E+00     4.0000E-03            NaN
     1.0000E-03     4.0000E-03            NaN
     1.2589E-03     4.0000E-03            NaN
     1.5849E-03     4.0000E-03            NaN
     1.9953E-03     4.0000E-03            NaN
     2.5119E-03     4.0000E-03            NaN
     3.1623E-03     4.0000E-03            NaN
     3.9811E-03     4.0000E-03            NaN
     5.0119E-03     4.0000E-03            NaN
     6.3096E-03     4.0000E-03            NaN
     7.9433E-03     4.0000E-03            NaN
     1.0000E-02     4.0000E-03            NaN
     1.2589E-02     4.0000E-03            NaN
     1.5849E-02     4.0000E-03            NaN
     1.9953E-02     4.0000E-03            NaN
     2.5119E-02     4.0000E-03            NaN
     3.1623E-02     4.0000E-03            NaN
     3.9811E-02     4.0000E-03            NaN
     5.0119E-02     4.0000E-03            NaN
     6.3096E-02     4.0000E-03            NaN
     7.9433E-02     4.0000E-03            NaN
     1.0000E-01     4.0000E-03            NaN
     1.2589E-01     4.0000E-03            NaN
     1.5849E-01     4.0000E-03            NaN
     1.9953E-01     4.0000E-03            NaN
     2.5119E-01     4.0000E-03            NaN
     3.1623E-01     4.0000E-03            NaN
     3.9811E-01     4.0000E-03            NaN
     5.0119E-01     4.0000E-03            NaN
     6.3096E-01     4.0000E-03            NaN
     7.9433E-01     4.0000E-03            NaN
     1.0000E+00     4.0000E-03            NaN
     1.2589E+00     4.0000E-03            NaN
     1.5849E+00     4.0000E-03            NaN
     1.9953E+00     4.0000E-03            NaN
     2.5119E+00     4.0000E-03            NaN
     3.1623E+00     4.0000E-03            NaN
     3.9811E+00     4.0000E-03            NaN
     5.0119E+00     4.0000E-03            NaN
     6.3096E+00     4.0000E-03            NaN
     7.9433E+00     4.0000E-03            NaN
     1.0000E+01     4.0000E-03            NaN
     1.2589E+01     4.0000E-03            NaN
     1.5849E+01     4.0000E-03            NaN
     1.9953E+01     4.0000E-03            NaN
     2.5119E+01     4.0000E-03            NaN
     3.1623E+01     4.0000E-03            NaN
     3.9811E+01     4.0000E-03            NaN
     5.0119E+01     4.0000E-03            NaN
     6.3096E+01     4.0000E-03            NaN
     7.9433E+01     4.0000E-03            NaN
     1.0000E+02     4.0000E-03            NaN
     0.0000E+00     6.0000E-03            NaN
     1.0000E-03     6.0000E-03            NaN
     1.2589E-03     6.0000E-03            NaN
     1.5849E-03     6.0000E-03            NaN
     1.9953E-03     6.0000E-03            NaN
     2.5119E-03     6.0000E-03            NaN
     3.1623E-03     6.0000E-03            NaN
     3.9811E-03     6.0000E-03            NaN
     5.0119E-03     6.0000E-03            NaN
     6.3096E-03     6.0000E-03            NaN
     7.9433E-03     6.0000E-03            NaN
     1.0000E-02     6.0000E-03            NaN
     1.2589E-02     6.0000E-03            NaN
     1.5849E-02     6.0000E-03            NaN
     1.9953E-02     6.0000E-03            NaN
     2.5119E-02     6.0000E-03            NaN
     3.1623E-02     6.0000E-03            NaN
     3.9811E-02     6.0000E-03            NaN
     5.0119E-02     6.0000E-03            NaN
     6.3096E-02     6.0000E-03            NaN
     7.9433E-02     6.0000E-03            NaN
     1.0000E-01     6.0000E-03            NaN
     1.2589E-01     6.0000E-03            NaN
     1.5849E-01     6.0000E-03            NaN
     1.9953E-01     6.0000E-03            NaN
     2.5119E-01     6.0000E-03            NaN
     3.1623E-01     6.0000E-03            NaN
     3.9811E-01     6.0000E-03            NaN
     5.0119E-01     6.0000E-03            NaN
     6.3096E-01     6.0000E-03            NaN
     7.9433E-01     6.0000E-03            NaN
     1.0000E+00     6.0000E-03            NaN
     1.2589E+00     6.0000E-03            NaN
     1.5849E+00     6.0000E-03            NaN
     1.9953E+00     6.0000E-03            NaN
     2.5119E+00     6.0000E-03            NaN
     3.1623E+00     6.0000E-03            NaN
     3.9811E+00     6.0000E-03            NaN
     5.0119E+00     6.0000E-03            NaN
     6.3096E+00     6.0000E-03            NaN
     7.9433E+00     6.0000E-03            NaN
     1.0000E+01     6.0000E-03            NaN
     1.2589E+01     6.0000E-03            NaN
     1.5849E+01     6.0000E-03            NaN
     1.9953E+01     6.0000E-03            NaN
     2.5119E+01     6.0000E-03            NaN
     3.1623E+01     6.0000E-03            NaN
     3.9811E+01     6.0000E-03            NaN
     5.0119E+01     6.0000E-03            NaN
     6.3096E+01     6.0000E-03            NaN
     7.9433E+01     6.0000E-03            NaN
     1.0000E+02     6.0000E-03            NaN
     0.0000E+00     8.0000E-03            NaN
     1.0000E-03     8.0000E-03            NaN
     1.2589E-03     8.0000E-03            NaN
     1.5849E-03     8.0000E-03            NaN
     1.9953E-03     8.0000E-03            NaN
     2.5119E-03     8.0000E-03            NaN
     3.1623E-03     8.0000E-03            NaN
     3.9811E-03     8.0000E-03            NaN
     5.0119E-03     8.0000E-03            NaN
     6.3096E-03     8.0000E-03            NaN
     7.9433E-03     8.0000E-03            NaN
     1.0000E-02     8.0000E-03            NaN
     1.2589E-02     8.0000E-03            NaN
     1.5849E-02     8.0000E-03            NaN
     1.9953E-02     8.0000E-03            NaN
     2.5119E-02     8.0000E-03            NaN
     3.1623E-02     8.0000E-03            NaN
     3.9811E-02     8.0000E-03            NaN
     5.0119E-02     8.0000E-03            NaN
     6.3096E-02     8.0000E-03            NaN
     7.9433E-02     8.0000E-03            NaN
     1.0000E-01     8.0000E-03            NaN
     1.2589E-01     8.0000E-03            NaN
     1.5849E-01     8.0000E-03            NaN
     1.9953E-01     8.0000E-03            NaN
     2.5119E-01     8.0000E-03            NaN
     3.1623E-01     8.0000E-03            NaN
     3.9811E-01     8.0000E-03            NaN
     5.0119E-01     8.0000E-03            NaN
     6.3096E-01     8.0000E-03            NaN
     7.9433E-01     8.0000E-03            NaN
     1.0000E+00     8.0000E-03            NaN
     1.2589E+00     8.0000E-03            NaN
     1.5849E+00     8.0000E-03            NaN
     1.9953E+00     8.0000E-03            NaN
     2.5119E+00     8.0000E-03            NaN
     3.1623E+00     8.0000E-03            NaN
     3.9811E+00     8.0000E-03            NaN
     5.0119E+00     8.0000E-03            NaN
     6.3096E+00     8.0000E-03            NaN
     7.9433E+00     8.0000E-03            NaN
     1.0000E+01     8.0000E-03            NaN
     1.2589E+01     8.0000E-03            NaN
     1.5849E+01     8.0000E-03            NaN
     1.9953E+01     8.0000E-03            NaN
     2.5119E+01     8.0000E-03            NaN
     3.1623E+01     8.0000E-03            NaN
     3.9811E+01     8.0000E-03            NaN
     5.0119E+01     8.0000E-03            NaN
     6.3096E+01     8.0000E-03            NaN
     7.9433E+01     8.0000E-03            NaN
     1.0000E+02     8.0000E-03            NaN
     0.0000E+00     1.0000E-02            NaN
     1.0000E-03     1.0000E-02            NaN
     1.2589E-03     1.0000E-02            NaN
     1.5849E-03     1.0000E-02            NaN
     1.9953E-03     1.0000E-02            NaN
     2.5119E-03     1.0000E-02            NaN
     3.1623E-03     1.0000E-02            NaN
     3.9811E-03     1.0000E-02            NaN
     5.0119E-03     1.0000E-02            NaN
     6.3096E-03     1.0000E-02            NaN
     7.9433E-03     1.0000E-02            NaN
     1.0000E-02     1.0000E-02            NaN
     1.2589E-02     1.0000E-02            NaN
     1.5849E-02     1.0000E-02            NaN
     1.9953E-02     1.0000E-02            NaN
     2.5119E-02     1.0000E-02            NaN
     3.1623E-02     1.0000E-02            NaN
     3.9811E-02     1.0000E-02            NaN
     5.0119E-02     1.0000E-02            NaN
     6.3096E-02     1.0000E-02            NaN
     7.9433E-02     1.0000E-02            NaN
     1.0000E-01     1.0000E-02            NaN
     1.2589E-01     1.0000E-02            NaN
     1.5849E-01     1.0000E-02            NaN
     1.9953E-01     1.0000E-02            NaN
     2.5119E-01     1.0000E-02            NaN
     3.1623E-01     1.0000E-02            NaN
     3.9811E-01     1.0000E-02            NaN
     5.0119E-01     1.0000E-02            NaN
     6.3096E-01     1.0000E-02            NaN
     7.9433E-01     1.0000E-02            NaN
     1.0000E+00     1.0000E-02            NaN
     1.2589E+00     1.0000E-02            NaN
     1.5849E+00     1.0000E-02            NaN
     1.9953E+00     1.0000E-02            NaN
     2.5119E+00     1.0000E-02            NaN
     3.1623E+00     1.0000E-02            NaN
     3.9811E+00     1.0000E-02            NaN
     5.0119E+00     1.0000E-02            NaN
     6.3096E+00     1.0000E-02            NaN
     7.9433E+00     1.0000E-02            NaN
     1.0000E+01     1.0000E-02            NaN
     1.2589E+01     1.0000E-02            NaN
     1.5849E+01     1.0000E-02            NaN
     1.9953E+01     1.0000E-02            NaN
     2.5119E+01     1.0000E-02            NaN
     3.1623E+01     1.0000E-02            NaN
     3.9811E+01     1.0000E-02            NaN
     5.0119E+01     1.0000E-02            NaN
     6.3096E+01     1.0000E-02            NaN
     7.9433E+01     1.0000E-02            NaN
     1.0000E+02     1.0000E-02            NaN
     0.0000E+00     1.4000E-02            NaN
     1.0000E-03     1.4000E-02            NaN
     1.2589E-03     1.4000E-02            NaN
     1.5849E-03     1.4000E-02            NaN
     1.9953E-03     1.4000E-02            NaN
     2.5119E-03     1.4000E-02            NaN
     3.1623E-03     1.4000E-02            NaN
     3.9811E-03     1.4000E-02            NaN
     5.0119E-03     1.4000E-02            NaN
     6.3096E-03     1.4000E-02            NaN
     7.9433E-03     1.4000E-02            NaN
     1.0000E-02     1.4000E-02            NaN
     1.2589E-02     1.4000E-02            NaN
     1.5849E-02     1.4000E-02            NaN
     1.9953E-02     1.4000E-02            NaN
     2.5119E-02     1.4000E-02            NaN
     3.1623E-02     1.4000E-02            NaN
     3.9811E-02     1.4000E-02            NaN
     5.0119E-02     1.4000E-02            NaN
     6.3096E-02     1.4000E-02            NaN
     7.9433E-02     1.4000E-02            NaN
     1.0000E-01     1.4000E-02            NaN
     1.2589E-01     1.4000E-02            NaN
     1.5849E-01     1.4000E-02            NaN
     1.9953E-01     1.4000E-02            NaN
     2.5119E-01     1.4000E-02            NaN
     3.1623E-01     1.4000E-02            NaN
     3.9811E-01     1.4000E-02            NaN
     5.0119E-01     1.4000E-02            NaN
     6.3096E-01     1.4000E-02            NaN
     7.9433E-01     1.4000E-02            NaN
     1.0000E+00     1.4000E-02            NaN
     1.2589E+00     1.4000E-02            NaN
     1.5849E+00     1.4000E-02            NaN
     1.9953E+00     1.4000E-02            NaN
     2.5119E+00     1.4000E-02            NaN
     3.1623E+00     1.4000E-02            NaN
     3.9811E+00     1.4000E-02            NaN
     5.0119E+00     1.4000E-02            NaN
     6.3096E+00     1.4000E-02            NaN
     7.9433E+00     1.4000E-02            NaN
     1.0000E+01     1.4000E-02            NaN
     1.2589E+01     1.4000E-02            NaN
     1.5849E+01     1.4000E-02            NaN
     1.9953E+01     1.4000E-02            NaN
     2.5119E+01     1.4000E-02            NaN
     3.1623E+01     1.4000E-02            NaN
     3.9811E+01     1.4000E-02            NaN
     5.0119E+01     1.4000E-02            NaN
     6.3096E+01     1.4000E-02            NaN
     7.9433E+01     1.4000E-02            NaN
     1.0000E+02     1.4000E-02            NaN
     0.0000E+00     2.0000E-02            NaN
     1.0000E-03     2.0000E-02            NaN
     1.2589E-03     2.0000E-02            NaN
     1.5849E-03     2.0000E-02            NaN
     1.9953E-03     2.0000E-02            NaN
     2.5119E-03     2.0000E-02            NaN
     3.1623E-03     2.0000E-02            NaN
     3.9811E-03     2.0000E-02            NaN
     5.0119E-03     2.0000E-02            NaN
     6.3096E-03     2.0000E-02            NaN
     7.9433E-03     2.0000E-02            NaN
     1.0000E-02     2.0000E-02            NaN
     1.2589E-02     2.0000E-02            NaN
     1.5849E-02     2.0000E-02            NaN
     1.9953E-02     2.0000E-02            NaN
     2.5119E-02     2.0000E-02            NaN
     3.1623E-02     2.0000E-02            NaN
     3.9811E-02     2.0000E-02            NaN
     5.0119E-02     2.0000E-02            NaN
     6.3096E-02     2.0000E-02            NaN
     7.9433E-02     2.0000E-02            NaN
     1.0000E-01     2.0000E-02            NaN
     1.2589E-01     2.0000E-02            NaN
     1.5849E-01     2.0000E-02            NaN
     1.9953E-01     2.0000E-02            NaN
     2.5119E-01     2.0000E-02            NaN
     3.1623E-01     2.0000E-02            NaN
     3.9811E-01     2.0000E-02            NaN
     5.0119E-01     2.0000E-02            NaN
     6.3096E-01     2.0000E-02            NaN
     7.9433E-01     2.0000E-02            NaN
     1.0000E+00     2.0000E-02            NaN
     1.2589E+00     2.0000E-02            NaN
     1.5849E+00     2.0000E-02            NaN
     1.9953E+00     2.0000E-02            NaN
     2.5119E+00     2.0000E-02            NaN
     3.1623E+00     2.0000E-02            NaN
     3.9811E+00     2.0000E-02            NaN
     5.0119E+00     2.0000E-02            NaN
     6.3096E+00     2.0000E-02            NaN
     7.9433E+00     2.0000E-02            NaN
     1.0000E+01     2.0000E-02            NaN
     1.2589E+01     2.0000E-02            NaN
     1.5849E+01     2.0000E-02            NaN
     1.9953E+01     2.0000E-02            NaN
     2.5119E+01     2.0000E-02            NaN
     3.1623E+01     2.0000E-02            NaN
     3.9811E+01     2.0000E-02            NaN
     5.0119E+01     2.0000E-02            NaN
     6.3096E+01     2.0000E-02            NaN
     7.9433E+01     2.0000E-02            NaN
     1.0000E+02     2.0000E-02            NaN
     0.0000E+00     3.0000E-02            NaN
     1.0000E-03     3.0000E-02            NaN
     1.2589E-03     3.0000E-02            NaN
     1.5849E-03     3.0000E-02            NaN
     1.9953E-03     3.0000E-02            NaN
     2.5119E-03     3.0000E-02            NaN
     3.1623E-03     3.0000E-02            NaN
     3.9811E-03     3.0000E-02            NaN
     5.0119E-03     3.0000E-02            NaN
     6.3096E-03     3.0000E-02            NaN
     7.9433E-03     3.0000E-02            NaN
     1.0000E-02     3.0000E-02            NaN
     1.2589E-02     3.0000E-02            NaN
     1.5849E-02     3.0000E-02            NaN
     1.9953E-02     3.0000E-02            NaN
     2.5119E-02     3.0000E-02            NaN
     3.1623E-02     3.0000E-02            NaN
     3.9811E-02     3.0000E-02            NaN
     5.0119E-02     3.0000E-02            NaN
     6.3096E-02     3.0000E-02            NaN
     7.9433E-02     3.0000E-02            NaN
     1.0000E-01     3.0000E-02            NaN
     1.2589E-01     3.0000E-02            NaN
     1.5849E-01     3.0000E-02            NaN
     1.9953E-01     3.0000E-02            NaN
     2.5119E-01     3.0000E-02            NaN
     3.1623E-01     3.0000E-02            NaN
     3.9811E-01     3.0000E-02            NaN
     5.0119E-01     3.0000E-02            NaN
     6.3096E-01     3.0000E-02            NaN
     7.9433E-01     3.0000E-02            NaN
     1.0000E+00     3.0000E-02            NaN
     1.2589E+00     3.0000E-02            NaN
     1.5849E+00     3.0000E-02            NaN
     1.9953E+00     3.0000E-02            NaN
     2.5119E+00     3.0000E-02            NaN
     3.1623E+00     3.0000E-02            NaN
     3.9811E+00     3.0000E-02            NaN
     5.0119E+00     3.0000E-02            NaN
     6.3096E+00     3.0000E-02            NaN
     7.9433E+00     3.0000E-02            NaN
     1.0000E+01     3.0000E-02            NaN
     1.2589E+01     3.0000E-02            NaN
     1.5849E+01     3.0000E-02            NaN
     1.9953E+01     3.0000E-02            NaN
     2.5119E+01     3.0000E-02            NaN
     3.1623E+01     3.0000E-02            NaN
     3.9811E+01     3.0000E-02            NaN
     5.0119E+01     3.0000E-02            NaN
     6.3096E+01     3.0000E-02            NaN
     7.9433E+01     3.0000E-02            NaN
     1.0000E+02     3.0000E-02            NaN
     0.0000E+00     4.0000E-02            NaN
     1.0000E-03     4.0000E-02            NaN
     1.2589E-03     4.0000E-02            NaN
     1.5849E-03     4.0000E-02            NaN
     1.9953E-03     4.0000E-02            NaN
     2.5119E-03     4.0000E-02            NaN
     3.1623E-03     4.0000E-02            NaN
     3.9811E-03     4.0000E-02            NaN
     5.0119E-03     4.0000E-02            NaN
     6.3096E-03     4.0000E-02            NaN
     7.9433E-03     4.0000E-02            NaN
     1.0000E-02     4.0000E-02            NaN
     1.2589E-02     4.0000E-02            NaN
     1.5849E-02     4.0000E-02            NaN
     1.9953E-02     4.0000E-02            NaN
     2.5119E-02     4.0000E-02            NaN
     3.1623E-02     4.0000E-02            NaN
     3.9811E-02     4.0000E-02            NaN
     5.0119E-02     4.0000E-02            NaN
     6.3096E-02     4.0000E-02            NaN
     7.9433E-02     4.0000E-02            NaN
     1.0000E-01     4.0000E-02            NaN
     1.2589E-01     4.0000E-02            NaN
     1.5849E-01     4.0000E-02            NaN
     1.9953E-01     4.0000E-02            NaN
     2.5119E-01     4.0000E-02            NaN
     3.1623E-01     4.0000E-02            NaN
     3.9811E-01     4.0000E-02            NaN
     5.0119E-01     4.0000E-02            NaN
     6.3096E-01     4.0000E-02            NaN
     7.9433E-01     4.0000E-02            NaN
     1.0000E+00     4.0000E-02            NaN
     1.2589E+00     4.0000E-02            NaN
     1.5849E+00     4.0000E-02            NaN
     1.9953E+00     4.0000E-02            NaN
     2.5119E+00     4.0000E-02            NaN
     3.1623E+00     4.0000E-02            NaN
     3.9811E+00     4.0000E-02            NaN
     5.0119E+00     4.0000E-02            NaN
     6.3096E+00     4.0000E-02            NaN
     7.9433E+00     4.0000E-02            NaN
     1.0000E+01     4.0000E-02            NaN
     1.2589E+01     4.0000E-02            NaN
     1.5849E+01     4.0000E-02            NaN
     1.9953E+01     4.0000E-02            NaN
     2.5119E+01     4.0000E-02            NaN
     3.1623E+01     4.0000E-02            NaN
     3.9811E+01     4.0000E-02            NaN
     5.0119E+01     4.0000E-02            NaN
     6.3096E+01     4.0000E-02            NaN
     7.9433E+01     4.0000E-02            NaN
     1.0000E+02     4.0000E-02            NaN
