          52          13
     0.0000E+00     1.0000E-05     1.2540E+21
     1.0000E-03     1.0000E-05     1.1503E+21
     1.2589E-03     1.0000E-05     1.2540E+21
     1.5849E-03     1.0000E-05     1.2981E+21
     1.9953E-03     1.0000E-05     1.3958E+21
     2.5119E-03     1.0000E-05     1.4653E+21
     3.1623E-03     1.0000E-05     1.1691E+21
     3.9811E-03     1.0000E-05     9.6416E+20
     5.0119E-03     1.0000E-05     7.8445E+20
     6.3096E-03     1.0000E-05     6.1433E+20
     7.9433E-03     1.0000E-05     4.8172E+20
     1.0000E-02     1.0000E-05     3.6967E+20
     1.2589E-02     1.0000E-05     2.7718E+20
     1.5849E-02     1.0000E-05     2.0082E+20
     1.9953E-02     1.0000E-05     1.5664E+20
     2.5119E-02     1.0000E-05     1.1839E+20
     3.1623E-02     1.0000E-05     9.1505E+19
     3.9811E-02     1.0000E-05     7.1793E+19
     5.0119E-02     1.0000E-05     5.8617E+19
     6.3096E-02     1.0000E-05     4.6738E+19
     7.9433E-02     1.0000E-05     3.9828E+19
     1.0000E-01     1.0000E-05     2.9573E+19
     1.2589E-01     1.0000E-05     2.4067E+19
     1.5849E-01     1.0000E-05     1.8466E+19
     1.9953E-01     1.0000E-05     1.3736E+19
     2.5119E-01     1.0000E-05     1.0583E+19
     3.1623E-01     1.0000E-05     8.2146E+18
     3.9811E-01     1.0000E-05     5.8227E+18
     5.0119E-01     1.0000E-05     3.9908E+18
     6.3096E-01     1.0000E-05     3.1307E+18
     7.9433E-01     1.0000E-05     2.2564E+18
     1.0000E+00     1.0000E-05     1.8765E+18
     1.2589E+00     1.0000E-05     1.1771E+18
     1.5849E+00     1.0000E-05     8.0495E+17
     1.9953E+00     1.0000E-05     4.8191E+17
     2.5119E+00     1.0000E-05     2.8349E+17
     3.1623E+00     1.0000E-05     1.5704E+17
     3.9811E+00     1.0000E-05     9.4091E+16
     5.0119E+00     1.0000E-05     5.4821E+16
     6.3096E+00     1.0000E-05     3.6101E+16
     7.9433E+00     1.0000E-05     3.7498E+16
     1.0000E+01     1.0000E-05     3.4200E+16
     1.2589E+01     1.0000E-05     3.6759E+16
     1.5849E+01     1.0000E-05     2.2592E+16
     1.9953E+01     1.0000E-05     1.9611E+16
     2.5119E+01     1.0000E-05     2.6756E+16
     3.1623E+01     1.0000E-05     1.7150E+16
     3.9811E+01     1.0000E-05     8.1549E+15
     5.0119E+01     1.0000E-05     1.2490E+16
     6.3096E+01     1.0000E-05     8.8416E+15
     7.9433E+01     1.0000E-05     4.2727E+14
     1.0000E+02     1.0000E-05     4.2527E+13
     0.0000E+00     1.0000E-04     1.2555E+21
     1.0000E-03     1.0000E-04     1.1633E+21
     1.2589E-03     1.0000E-04     1.2555E+21
     1.5849E-03     1.0000E-04     1.3054E+21
     1.9953E-03     1.0000E-04     1.4753E+21
     2.5119E-03     1.0000E-04     1.6072E+21
     3.1623E-03     1.0000E-04     1.2629E+21
     3.9811E-03     1.0000E-04     1.0187E+21
     5.0119E-03     1.0000E-04     8.0823E+20
     6.3096E-03     1.0000E-04     6.3891E+20
     7.9433E-03     1.0000E-04     5.0567E+20
     1.0000E-02     1.0000E-04     3.7769E+20
     1.2589E-02     1.0000E-04     2.8215E+20
     1.5849E-02     1.0000E-04     2.0591E+20
     1.9953E-02     1.0000E-04     1.5572E+20
     2.5119E-02     1.0000E-04     1.1440E+20
     3.1623E-02     1.0000E-04     9.0630E+19
     3.9811E-02     1.0000E-04     7.3798E+19
     5.0119E-02     1.0000E-04     5.8291E+19
     6.3096E-02     1.0000E-04     4.4457E+19
     7.9433E-02     1.0000E-04     3.6976E+19
     1.0000E-01     1.0000E-04     2.8650E+19
     1.2589E-01     1.0000E-04     2.1521E+19
     1.5849E-01     1.0000E-04     1.6477E+19
     1.9953E-01     1.0000E-04     1.2067E+19
     2.5119E-01     1.0000E-04     9.6677E+18
     3.1623E-01     1.0000E-04     6.7752E+18
     3.9811E-01     1.0000E-04     4.7940E+18
     5.0119E-01     1.0000E-04     3.1733E+18
     6.3096E-01     1.0000E-04     2.2695E+18
     7.9433E-01     1.0000E-04     1.7554E+18
     1.0000E+00     1.0000E-04     1.2629E+18
     1.2589E+00     1.0000E-04     8.3366E+17
     1.5849E+00     1.0000E-04     5.1845E+17
     1.9953E+00     1.0000E-04     3.1613E+17
     2.5119E+00     1.0000E-04     1.8034E+17
     3.1623E+00     1.0000E-04     8.5070E+16
     3.9811E+00     1.0000E-04     3.4052E+16
     5.0119E+00     1.0000E-04     1.1911E+16
     6.3096E+00     1.0000E-04     1.2636E+16
     7.9433E+00     1.0000E-04     2.2312E+16
     1.0000E+01     1.0000E-04     2.9183E+16
     1.2589E+01     1.0000E-04     3.8340E+16
     1.5849E+01     1.0000E-04     2.4803E+16
     1.9953E+01     1.0000E-04     2.3485E+16
     2.5119E+01     1.0000E-04     2.2514E+16
     3.1623E+01     1.0000E-04     2.0315E+16
     3.9811E+01     1.0000E-04     1.6209E+16
     5.0119E+01     1.0000E-04     1.4875E+16
     6.3096E+01     1.0000E-04     8.1850E+15
     7.9433E+01     1.0000E-04     3.0417E+15
     1.0000E+02     1.0000E-04     2.4374E+15
     0.0000E+00     1.0000E-03     1.3425E+21
     1.0000E-03     1.0000E-03     1.2121E+21
     1.2589E-03     1.0000E-03     1.3425E+21
     1.5849E-03     1.0000E-03     1.4715E+21
     1.9953E-03     1.0000E-03     1.8054E+21
     2.5119E-03     1.0000E-03     1.7382E+21
     3.1623E-03     1.0000E-03     1.3792E+21
     3.9811E-03     1.0000E-03     1.0740E+21
     5.0119E-03     1.0000E-03     8.1797E+20
     6.3096E-03     1.0000E-03     6.0057E+20
     7.9433E-03     1.0000E-03     4.6695E+20
     1.0000E-02     1.0000E-03     3.4588E+20
     1.2589E-02     1.0000E-03     2.5704E+20
     1.5849E-02     1.0000E-03     1.8725E+20
     1.9953E-02     1.0000E-03     1.3500E+20
     2.5119E-02     1.0000E-03     1.0223E+20
     3.1623E-02     1.0000E-03     8.0076E+19
     3.9811E-02     1.0000E-03     6.2551E+19
     5.0119E-02     1.0000E-03     4.8282E+19
     6.3096E-02     1.0000E-03     3.8722E+19
     7.9433E-02     1.0000E-03     3.1170E+19
     1.0000E-01     1.0000E-03     2.4105E+19
     1.2589E-01     1.0000E-03     1.8270E+19
     1.5849E-01     1.0000E-03     1.3825E+19
     1.9953E-01     1.0000E-03     1.0086E+19
     2.5119E-01     1.0000E-03     7.1657E+18
     3.1623E-01     1.0000E-03     4.6854E+18
     3.9811E-01     1.0000E-03     3.3273E+18
     5.0119E-01     1.0000E-03     2.2851E+18
     6.3096E-01     1.0000E-03     1.6478E+18
     7.9433E-01     1.0000E-03     1.1666E+18
     1.0000E+00     1.0000E-03     7.8967E+17
     1.2589E+00     1.0000E-03     4.3849E+17
     1.5849E+00     1.0000E-03     2.0341E+17
     1.9953E+00     1.0000E-03     6.6682E+16
     2.5119E+00     1.0000E-03     1.7257E+16
     3.1623E+00     1.0000E-03     7.2077E+15
     3.9811E+00     1.0000E-03     3.1207E+15
     5.0119E+00     1.0000E-03     9.6059E+14
     6.3096E+00     1.0000E-03     1.0579E+15
     7.9433E+00     1.0000E-03     6.0852E+14
     1.0000E+01     1.0000E-03     1.7984E+14
     1.2589E+01     1.0000E-03     8.3122E+14
     1.5849E+01     1.0000E-03     3.8271E+15
     1.9953E+01     1.0000E-03     1.5299E+16
     2.5119E+01     1.0000E-03     1.4041E+16
     3.1623E+01     1.0000E-03     1.5895E+16
     3.9811E+01     1.0000E-03     1.8862E+16
     5.0119E+01     1.0000E-03     7.9255E+15
     6.3096E+01     1.0000E-03     9.3301E+15
     7.9433E+01     1.0000E-03     5.8271E+15
     1.0000E+02     1.0000E-03     2.8124E+11
     0.0000E+00     2.0000E-03     1.3907E+21
     1.0000E-03     2.0000E-03     1.2392E+21
     1.2589E-03     2.0000E-03     1.3907E+21
     1.5849E-03     2.0000E-03     1.5985E+21
     1.9953E-03     2.0000E-03     1.9453E+21
     2.5119E-03     2.0000E-03     1.8628E+21
     3.1623E-03     2.0000E-03     1.4099E+21
     3.9811E-03     2.0000E-03     1.0933E+21
     5.0119E-03     2.0000E-03     8.4489E+20
     6.3096E-03     2.0000E-03     6.1264E+20
     7.9433E-03     2.0000E-03     4.6197E+20
     1.0000E-02     2.0000E-03     3.3480E+20
     1.2589E-02     2.0000E-03     2.3905E+20
     1.5849E-02     2.0000E-03     1.7278E+20
     1.9953E-02     2.0000E-03     1.2643E+20
     2.5119E-02     2.0000E-03     9.5038E+19
     3.1623E-02     2.0000E-03     7.3793E+19
     3.9811E-02     2.0000E-03     5.7020E+19
     5.0119E-02     2.0000E-03     4.4293E+19
     6.3096E-02     2.0000E-03     3.5893E+19
     7.9433E-02     2.0000E-03     2.9192E+19
     1.0000E-01     2.0000E-03     2.2657E+19
     1.2589E-01     2.0000E-03     1.7211E+19
     1.5849E-01     2.0000E-03     1.3314E+19
     1.9953E-01     2.0000E-03     9.6307E+18
     2.5119E-01     2.0000E-03     6.7356E+18
     3.1623E-01     2.0000E-03     4.3571E+18
     3.9811E-01     2.0000E-03     3.1112E+18
     5.0119E-01     2.0000E-03     1.9409E+18
     6.3096E-01     2.0000E-03     1.3221E+18
     7.9433E-01     2.0000E-03     8.4464E+17
     1.0000E+00     2.0000E-03     4.9100E+17
     1.2589E+00     2.0000E-03     2.1886E+17
     1.5849E+00     2.0000E-03     7.6804E+16
     1.9953E+00     2.0000E-03     2.7284E+16
     2.5119E+00     2.0000E-03     1.3950E+16
     3.1623E+00     2.0000E-03     3.2631E+15
     3.9811E+00     2.0000E-03     1.2987E+15
     5.0119E+00     2.0000E-03     8.0189E+14
     6.3096E+00     2.0000E-03     8.6320E+14
     7.9433E+00     2.0000E-03     1.1778E+14
     1.0000E+01     2.0000E-03     4.4991E+14
     1.2589E+01     2.0000E-03     7.5784E+13
     1.5849E+01     2.0000E-03     4.2808E+14
     1.9953E+01     2.0000E-03     2.2326E+14
     2.5119E+01     2.0000E-03     4.4973E+15
     3.1623E+01     2.0000E-03     8.7234E+15
     3.9811E+01     2.0000E-03     1.1041E+16
     5.0119E+01     2.0000E-03     1.4343E+16
     6.3096E+01     2.0000E-03     4.8813E+15
     7.9433E+01     2.0000E-03     6.6186E+15
     1.0000E+02     2.0000E-03     2.3486E+15
     0.0000E+00     3.0000E-03     1.4594E+21
     1.0000E-03     3.0000E-03     1.2581E+21
     1.2589E-03     3.0000E-03     1.4594E+21
     1.5849E-03     3.0000E-03     1.7134E+21
     1.9953E-03     3.0000E-03     2.0432E+21
     2.5119E-03     3.0000E-03     1.9058E+21
     3.1623E-03     3.0000E-03     1.4200E+21
     3.9811E-03     3.0000E-03     1.0917E+21
     5.0119E-03     3.0000E-03     8.4778E+20
     6.3096E-03     3.0000E-03     6.1677E+20
     7.9433E-03     3.0000E-03     4.5588E+20
     1.0000E-02     3.0000E-03     3.2126E+20
     1.2589E-02     3.0000E-03     2.2527E+20
     1.5849E-02     3.0000E-03     1.6056E+20
     1.9953E-02     3.0000E-03     1.1858E+20
     2.5119E-02     3.0000E-03     9.1432E+19
     3.1623E-02     3.0000E-03     7.0581E+19
     3.9811E-02     3.0000E-03     5.4699E+19
     5.0119E-02     3.0000E-03     4.3333E+19
     6.3096E-02     3.0000E-03     3.4057E+19
     7.9433E-02     3.0000E-03     2.7597E+19
     1.0000E-01     3.0000E-03     2.2170E+19
     1.2589E-01     3.0000E-03     1.6785E+19
     1.5849E-01     3.0000E-03     1.2341E+19
     1.9953E-01     3.0000E-03     8.6419E+18
     2.5119E-01     3.0000E-03     6.1272E+18
     3.1623E-01     3.0000E-03     4.0553E+18
     3.9811E-01     3.0000E-03     2.6528E+18
     5.0119E-01     3.0000E-03     1.6580E+18
     6.3096E-01     3.0000E-03     1.0248E+18
     7.9433E-01     3.0000E-03     5.6546E+17
     1.0000E+00     3.0000E-03     2.9535E+17
     1.2589E+00     3.0000E-03     1.1976E+17
     1.5849E+00     3.0000E-03     4.0746E+16
     1.9953E+00     3.0000E-03     2.1350E+16
     2.5119E+00     3.0000E-03     9.5909E+15
     3.1623E+00     3.0000E-03     3.1604E+15
     3.9811E+00     3.0000E-03     1.2979E+15
     5.0119E+00     3.0000E-03     5.9831E+14
     6.3096E+00     3.0000E-03     6.0207E+14
     7.9433E+00     3.0000E-03     3.1272E+14
     1.0000E+01     3.0000E-03     3.7710E+14
     1.2589E+01     3.0000E-03     1.1271E+14
     1.5849E+01     3.0000E-03     4.3615E+14
     1.9953E+01     3.0000E-03     8.4316E+13
     2.5119E+01     3.0000E-03     3.0445E+13
     3.1623E+01     3.0000E-03     1.1254E+15
     3.9811E+01     3.0000E-03     5.4039E+15
     5.0119E+01     3.0000E-03     8.2663E+15
     6.3096E+01     3.0000E-03     1.0452E+16
     7.9433E+01     3.0000E-03     5.8828E+15
     1.0000E+02     3.0000E-03     1.3011E+13
     0.0000E+00     4.0000E-03     1.5376E+21
     1.0000E-03     4.0000E-03     1.2840E+21
     1.2589E-03     4.0000E-03     1.5376E+21
     1.5849E-03     4.0000E-03     1.8137E+21
     1.9953E-03     4.0000E-03     2.1673E+21
     2.5119E-03     4.0000E-03     1.9749E+21
     3.1623E-03     4.0000E-03     1.4423E+21
     3.9811E-03     4.0000E-03     1.0980E+21
     5.0119E-03     4.0000E-03     8.4626E+20
     6.3096E-03     4.0000E-03     6.2783E+20
     7.9433E-03     4.0000E-03     4.6012E+20
     1.0000E-02     4.0000E-03     3.1558E+20
     1.2589E-02     4.0000E-03     2.2089E+20
     1.5849E-02     4.0000E-03     1.5518E+20
     1.9953E-02     4.0000E-03     1.1396E+20
     2.5119E-02     4.0000E-03     8.8661E+19
     3.1623E-02     4.0000E-03     6.8829E+19
     3.9811E-02     4.0000E-03     5.3370E+19
     5.0119E-02     4.0000E-03     4.2295E+19
     6.3096E-02     4.0000E-03     3.3233E+19
     7.9433E-02     4.0000E-03     2.6910E+19
     1.0000E-01     4.0000E-03     2.1243E+19
     1.2589E-01     4.0000E-03     1.6154E+19
     1.5849E-01     4.0000E-03     1.2346E+19
     1.9953E-01     4.0000E-03     8.8791E+18
     2.5119E-01     4.0000E-03     5.8536E+18
     3.1623E-01     4.0000E-03     3.8588E+18
     3.9811E-01     4.0000E-03     2.5398E+18
     5.0119E-01     4.0000E-03     1.4787E+18
     6.3096E-01     4.0000E-03     8.1257E+17
     7.9433E-01     4.0000E-03     3.8275E+17
     1.0000E+00     4.0000E-03     1.6448E+17
     1.2589E+00     4.0000E-03     6.3104E+16
     1.5849E+00     4.0000E-03     3.8505E+16
     1.9953E+00     4.0000E-03     2.2647E+16
     2.5119E+00     4.0000E-03     5.8856E+15
     3.1623E+00     4.0000E-03     2.3055E+15
     3.9811E+00     4.0000E-03     9.2907E+14
     5.0119E+00     4.0000E-03     5.3883E+14
     6.3096E+00     4.0000E-03     2.0916E+14
     7.9433E+00     4.0000E-03     3.8732E+14
     1.0000E+01     4.0000E-03     3.4058E+14
     1.2589E+01     4.0000E-03     9.2687E+13
     1.5849E+01     4.0000E-03     3.7578E+14
     1.9953E+01     4.0000E-03     1.0261E+14
     2.5119E+01     4.0000E-03     5.3981E+13
     3.1623E+01     4.0000E-03     2.7932E+13
     3.9811E+01     4.0000E-03     2.6968E+15
     5.0119E+01     4.0000E-03     6.9248E+15
     6.3096E+01     4.0000E-03     3.9789E+15
     7.9433E+01     4.0000E-03     7.6941E+15
     1.0000E+02     4.0000E-03     1.9676E+15
     0.0000E+00     6.0000E-03     1.6730E+21
     1.0000E-03     6.0000E-03     1.3672E+21
     1.2589E-03     6.0000E-03     1.6730E+21
     1.5849E-03     6.0000E-03     1.9442E+21
     1.9953E-03     6.0000E-03     2.2703E+21
     2.5119E-03     6.0000E-03     2.0454E+21
     3.1623E-03     6.0000E-03     1.4848E+21
     3.9811E-03     6.0000E-03     1.1294E+21
     5.0119E-03     6.0000E-03     8.5961E+20
     6.3096E-03     6.0000E-03     6.2145E+20
     7.9433E-03     6.0000E-03     4.5352E+20
     1.0000E-02     6.0000E-03     3.0701E+20
     1.2589E-02     6.0000E-03     2.1637E+20
     1.5849E-02     6.0000E-03     1.4847E+20
     1.9953E-02     6.0000E-03     1.0948E+20
     2.5119E-02     6.0000E-03     8.5764E+19
     3.1623E-02     6.0000E-03     6.5902E+19
     3.9811E-02     6.0000E-03     5.1986E+19
     5.0119E-02     6.0000E-03     4.0921E+19
     6.3096E-02     6.0000E-03     3.1586E+19
     7.9433E-02     6.0000E-03     2.5412E+19
     1.0000E-01     6.0000E-03     2.0056E+19
     1.2589E-01     6.0000E-03     1.4858E+19
     1.5849E-01     6.0000E-03     1.1302E+19
     1.9953E-01     6.0000E-03     8.1744E+18
     2.5119E-01     6.0000E-03     5.4179E+18
     3.1623E-01     6.0000E-03     3.4795E+18
     3.9811E-01     6.0000E-03     2.1361E+18
     5.0119E-01     6.0000E-03     1.0991E+18
     6.3096E-01     6.0000E-03     4.9189E+17
     7.9433E-01     6.0000E-03     1.8294E+17
     1.0000E+00     6.0000E-03     7.4775E+16
     1.2589E+00     6.0000E-03     4.7716E+16
     1.5849E+00     6.0000E-03     2.2717E+16
     1.9953E+00     6.0000E-03     1.4694E+16
     2.5119E+00     6.0000E-03     4.5589E+15
     3.1623E+00     6.0000E-03     2.2198E+15
     3.9811E+00     6.0000E-03     6.3700E+14
     5.0119E+00     6.0000E-03     2.5180E+14
     6.3096E+00     6.0000E-03     4.2551E+14
     7.9433E+00     6.0000E-03     3.7691E+14
     1.0000E+01     6.0000E-03     1.0213E+14
     1.2589E+01     6.0000E-03     3.0741E+14
     1.5849E+01     6.0000E-03     9.7727E+13
     1.9953E+01     6.0000E-03     2.7963E+14
     2.5119E+01     6.0000E-03     9.9868E+13
     3.1623E+01     6.0000E-03     3.1716E+13
     3.9811E+01     6.0000E-03     8.1382E+14
     5.0119E+01     6.0000E-03     5.1851E+15
     6.3096E+01     6.0000E-03     8.0579E+15
     7.9433E+01     6.0000E-03     3.0664E+15
     1.0000E+02     6.0000E-03     1.6800E+15
     0.0000E+00     8.0000E-03     1.7719E+21
     1.0000E-03     8.0000E-03     1.4331E+21
     1.2589E-03     8.0000E-03     1.7719E+21
     1.5849E-03     8.0000E-03     2.0303E+21
     1.9953E-03     8.0000E-03     2.2640E+21
     2.5119E-03     8.0000E-03     2.0056E+21
     3.1623E-03     8.0000E-03     1.4849E+21
     3.9811E-03     8.0000E-03     1.1041E+21
     5.0119E-03     8.0000E-03     8.3642E+20
     6.3096E-03     8.0000E-03     6.0273E+20
     7.9433E-03     8.0000E-03     4.3778E+20
     1.0000E-02     8.0000E-03     2.9565E+20
     1.2589E-02     8.0000E-03     2.0331E+20
     1.5849E-02     8.0000E-03     1.4157E+20
     1.9953E-02     8.0000E-03     1.0360E+20
     2.5119E-02     8.0000E-03     8.1984E+19
     3.1623E-02     8.0000E-03     6.4188E+19
     3.9811E-02     8.0000E-03     5.0279E+19
     5.0119E-02     8.0000E-03     3.9820E+19
     6.3096E-02     8.0000E-03     3.0509E+19
     7.9433E-02     8.0000E-03     2.4239E+19
     1.0000E-01     8.0000E-03     1.8757E+19
     1.2589E-01     8.0000E-03     1.3934E+19
     1.5849E-01     8.0000E-03     1.0304E+19
     1.9953E-01     8.0000E-03     7.2116E+18
     2.5119E-01     8.0000E-03     4.7588E+18
     3.1623E-01     8.0000E-03     2.9986E+18
     3.9811E-01     8.0000E-03     1.7064E+18
     5.0119E-01     8.0000E-03     7.9083E+17
     6.3096E-01     8.0000E-03     2.8313E+17
     7.9433E-01     8.0000E-03     9.5645E+16
     1.0000E+00     8.0000E-03     5.2891E+16
     1.2589E+00     8.0000E-03     3.8683E+16
     1.5849E+00     8.0000E-03     1.8233E+16
     1.9953E+00     8.0000E-03     8.7504E+15
     2.5119E+00     8.0000E-03     5.4921E+15
     3.1623E+00     8.0000E-03     1.2179E+15
     3.9811E+00     8.0000E-03     7.1915E+14
     5.0119E+00     8.0000E-03     4.6826E+14
     6.3096E+00     8.0000E-03     3.9013E+14
     7.9433E+00     8.0000E-03     1.6184E+14
     1.0000E+01     8.0000E-03     2.6381E+14
     1.2589E+01     8.0000E-03     2.6877E+14
     1.5849E+01     8.0000E-03     9.1826E+13
     1.9953E+01     8.0000E-03     2.8454E+14
     2.5119E+01     8.0000E-03     8.4435E+13
     3.1623E+01     8.0000E-03     3.3579E+13
     3.9811E+01     8.0000E-03     4.8089E+14
     5.0119E+01     8.0000E-03     4.3152E+15
     6.3096E+01     8.0000E-03     7.9648E+15
     7.9433E+01     8.0000E-03     3.8161E+15
     1.0000E+02     8.0000E-03     1.6379E+15
     0.0000E+00     1.0000E-02     1.9611E+21
     1.0000E-03     1.0000E-02     1.5785E+21
     1.2589E-03     1.0000E-02     1.9611E+21
     1.5849E-03     1.0000E-02     2.1708E+21
     1.9953E-03     1.0000E-02     2.3260E+21
     2.5119E-03     1.0000E-02     2.0337E+21
     3.1623E-03     1.0000E-02     1.5294E+21
     3.9811E-03     1.0000E-02     1.1255E+21
     5.0119E-03     1.0000E-02     8.5345E+20
     6.3096E-03     1.0000E-02     6.1402E+20
     7.9433E-03     1.0000E-02     4.3949E+20
     1.0000E-02     1.0000E-02     2.9457E+20
     1.2589E-02     1.0000E-02     1.9829E+20
     1.5849E-02     1.0000E-02     1.3857E+20
     1.9953E-02     1.0000E-02     1.0079E+20
     2.5119E-02     1.0000E-02     7.7672E+19
     3.1623E-02     1.0000E-02     6.0718E+19
     3.9811E-02     1.0000E-02     4.7485E+19
     5.0119E-02     1.0000E-02     3.7100E+19
     6.3096E-02     1.0000E-02     2.8037E+19
     7.9433E-02     1.0000E-02     2.2037E+19
     1.0000E-01     1.0000E-02     1.7218E+19
     1.2589E-01     1.0000E-02     1.2386E+19
     1.5849E-01     1.0000E-02     9.2485E+18
     1.9953E-01     1.0000E-02     6.2139E+18
     2.5119E-01     1.0000E-02     4.0363E+18
     3.1623E-01     1.0000E-02     2.5621E+18
     3.9811E-01     1.0000E-02     1.2246E+18
     5.0119E-01     1.0000E-02     5.1128E+17
     6.3096E-01     1.0000E-02     2.1923E+17
     7.9433E-01     1.0000E-02     8.7521E+16
     1.0000E+00     1.0000E-02     3.2770E+16
     1.2589E+00     1.0000E-02     2.2484E+16
     1.5849E+00     1.0000E-02     1.5208E+16
     1.9953E+00     1.0000E-02     8.8867E+15
     2.5119E+00     1.0000E-02     3.3594E+15
     3.1623E+00     1.0000E-02     1.2995E+15
     3.9811E+00     1.0000E-02     6.7453E+14
     5.0119E+00     1.0000E-02     4.6748E+14
     6.3096E+00     1.0000E-02     3.4231E+14
     7.9433E+00     1.0000E-02     1.8465E+14
     1.0000E+01     1.0000E-02     3.2393E+14
     1.2589E+01     1.0000E-02     9.3933E+13
     1.5849E+01     1.0000E-02     2.3267E+14
     1.9953E+01     1.0000E-02     2.4729E+14
     2.5119E+01     1.0000E-02     1.4040E+14
     3.1623E+01     1.0000E-02     3.2242E+13
     3.9811E+01     1.0000E-02     3.6616E+13
     5.0119E+01     1.0000E-02     3.6822E+15
     6.3096E+01     1.0000E-02     6.5531E+15
     7.9433E+01     1.0000E-02     1.6156E+15
     1.0000E+02     1.0000E-02     1.5803E+15
     0.0000E+00     1.4000E-02     1.8810E+21
     1.0000E-03     1.4000E-02     1.6203E+21
     1.2589E-03     1.4000E-02     1.8810E+21
     1.5849E-03     1.4000E-02     1.9563E+21
     1.9953E-03     1.4000E-02     1.9237E+21
     2.5119E-03     1.4000E-02     1.9017E+21
     3.1623E-03     1.4000E-02     1.5159E+21
     3.9811E-03     1.4000E-02     1.0820E+21
     5.0119E-03     1.4000E-02     8.0385E+20
     6.3096E-03     1.4000E-02     5.8167E+20
     7.9433E-03     1.4000E-02     4.1301E+20
     1.0000E-02     1.4000E-02     2.7545E+20
     1.2589E-02     1.4000E-02     1.8274E+20
     1.5849E-02     1.4000E-02     1.2711E+20
     1.9953E-02     1.4000E-02     9.2847E+19
     2.5119E-02     1.4000E-02     7.3253E+19
     3.1623E-02     1.4000E-02     5.7152E+19
     3.9811E-02     1.4000E-02     4.4488E+19
     5.0119E-02     1.4000E-02     3.5288E+19
     6.3096E-02     1.4000E-02     2.6949E+19
     7.9433E-02     1.4000E-02     2.0392E+19
     1.0000E-01     1.4000E-02     1.5899E+19
     1.2589E-01     1.4000E-02     1.1419E+19
     1.5849E-01     1.4000E-02     8.1395E+18
     1.9953E-01     1.4000E-02     5.3166E+18
     2.5119E-01     1.4000E-02     3.3226E+18
     3.1623E-01     1.4000E-02     1.7959E+18
     3.9811E-01     1.4000E-02     7.9734E+17
     5.0119E-01     1.4000E-02     3.1388E+17
     6.3096E-01     1.4000E-02     1.7788E+17
     7.9433E-01     1.4000E-02     8.3175E+16
     1.0000E+00     1.4000E-02     2.5507E+16
     1.2589E+00     1.4000E-02     1.9978E+16
     1.5849E+00     1.4000E-02     1.5289E+16
     1.9953E+00     1.4000E-02     6.6747E+15
     2.5119E+00     1.4000E-02     2.3467E+15
     3.1623E+00     1.4000E-02     8.0427E+14
     3.9811E+00     1.4000E-02     3.7455E+14
     5.0119E+00     1.4000E-02     4.0025E+14
     6.3096E+00     1.4000E-02     3.4197E+14
     7.9433E+00     1.4000E-02     3.0777E+14
     1.0000E+01     1.4000E-02     1.0127E+14
     1.2589E+01     1.4000E-02     2.3987E+14
     1.5849E+01     1.4000E-02     1.8386E+14
     1.9953E+01     1.4000E-02     8.4298E+13
     2.5119E+01     1.4000E-02     2.3440E+14
     3.1623E+01     1.4000E-02     9.1363E+13
     3.9811E+01     1.4000E-02     4.5867E+15
     5.0119E+01     1.4000E-02     7.7387E+15
     6.3096E+01     1.4000E-02     3.5570E+15
     7.9433E+01     1.4000E-02     3.3507E+15
     1.0000E+02     1.4000E-02     1.3887E+15
     0.0000E+00     2.0000E-02     2.1063E+21
     1.0000E-03     2.0000E-02     1.8017E+21
     1.2589E-03     2.0000E-02     2.1063E+21
     1.5849E-03     2.0000E-02     2.1328E+21
     1.9953E-03     2.0000E-02     2.0653E+21
     2.5119E-03     2.0000E-02     1.8020E+21
     3.1623E-03     2.0000E-02     1.4342E+21
     3.9811E-03     2.0000E-02     1.0203E+21
     5.0119E-03     2.0000E-02     7.5525E+20
     6.3096E-03     2.0000E-02     5.3997E+20
     7.9433E-03     2.0000E-02     3.6918E+20
     1.0000E-02     2.0000E-02     2.4554E+20
     1.2589E-02     2.0000E-02     1.6118E+20
     1.5849E-02     2.0000E-02     1.1546E+20
     1.9953E-02     2.0000E-02     8.4864E+19
     2.5119E-02     2.0000E-02     6.7528E+19
     3.1623E-02     2.0000E-02     5.2586E+19
     3.9811E-02     2.0000E-02     4.1501E+19
     5.0119E-02     2.0000E-02     3.2149E+19
     6.3096E-02     2.0000E-02     2.4762E+19
     7.9433E-02     2.0000E-02     1.8615E+19
     1.0000E-01     2.0000E-02     1.4154E+19
     1.2589E-01     2.0000E-02     9.9608E+18
     1.5849E-01     2.0000E-02     6.7729E+18
     1.9953E-01     2.0000E-02     4.2220E+18
     2.5119E-01     2.0000E-02     2.4971E+18
     3.1623E-01     2.0000E-02     1.1656E+18
     3.9811E-01     2.0000E-02     5.0814E+17
     5.0119E-01     2.0000E-02     2.1953E+17
     6.3096E-01     2.0000E-02     1.3252E+17
     7.9433E-01     2.0000E-02     6.0188E+16
     1.0000E+00     2.0000E-02     3.1311E+16
     1.2589E+00     2.0000E-02     1.5293E+16
     1.5849E+00     2.0000E-02     8.1012E+15
     1.9953E+00     2.0000E-02     5.1271E+15
     2.5119E+00     2.0000E-02     1.7701E+15
     3.1623E+00     2.0000E-02     7.9163E+14
     3.9811E+00     2.0000E-02     5.4136E+14
     5.0119E+00     2.0000E-02     4.3287E+14
     6.3096E+00     2.0000E-02     3.0223E+14
     7.9433E+00     2.0000E-02     2.4427E+14
     1.0000E+01     2.0000E-02     1.6074E+14
     1.2589E+01     2.0000E-02     1.7583E+14
     1.5849E+01     2.0000E-02     7.2864E+13
     1.9953E+01     2.0000E-02     1.2093E+14
     2.5119E+01     2.0000E-02     1.5710E+15
     3.1623E+01     2.0000E-02     1.2697E+16
     3.9811E+01     2.0000E-02     4.3777E+15
     5.0119E+01     2.0000E-02     3.5164E+15
     6.3096E+01     2.0000E-02     3.5191E+15
     7.9433E+01     2.0000E-02     1.3804E+15
     1.0000E+02     2.0000E-02     1.2100E+15
     0.0000E+00     3.0000E-02     2.2911E+21
     1.0000E-03     3.0000E-02     2.1374E+21
     1.2589E-03     3.0000E-02     2.2911E+21
     1.5849E-03     3.0000E-02     2.1786E+21
     1.9953E-03     3.0000E-02     1.9976E+21
     2.5119E-03     3.0000E-02     1.7399E+21
     3.1623E-03     3.0000E-02     1.3904E+21
     3.9811E-03     3.0000E-02     9.5809E+20
     5.0119E-03     3.0000E-02     6.8428E+20
     6.3096E-03     3.0000E-02     4.7973E+20
     7.9433E-03     3.0000E-02     3.1870E+20
     1.0000E-02     3.0000E-02     2.1021E+20
     1.2589E-02     3.0000E-02     1.4456E+20
     1.5849E-02     3.0000E-02     1.0340E+20
     1.9953E-02     3.0000E-02     7.5426E+19
     2.5119E-02     3.0000E-02     5.8904E+19
     3.1623E-02     3.0000E-02     4.7110E+19
     3.9811E-02     3.0000E-02     3.6918E+19
     5.0119E-02     3.0000E-02     2.8228E+19
     6.3096E-02     3.0000E-02     2.1399E+19
     7.9433E-02     3.0000E-02     1.5934E+19
     1.0000E-01     3.0000E-02     1.1917E+19
     1.2589E-01     3.0000E-02     8.3742E+18
     1.5849E-01     3.0000E-02     5.3960E+18
     1.9953E-01     3.0000E-02     3.2986E+18
     2.5119E-01     3.0000E-02     1.6758E+18
     3.1623E-01     3.0000E-02     5.9346E+17
     3.9811E-01     3.0000E-02     2.1793E+17
     5.0119E-01     3.0000E-02     1.5218E+17
     6.3096E-01     3.0000E-02     8.5123E+16
     7.9433E-01     3.0000E-02     5.1092E+16
     1.0000E+00     3.0000E-02     2.4741E+16
     1.2589E+00     3.0000E-02     7.6147E+15
     1.5849E+00     3.0000E-02     4.6436E+15
     1.9953E+00     3.0000E-02     2.7683E+15
     2.5119E+00     3.0000E-02     1.3607E+15
     3.1623E+00     3.0000E-02     8.8824E+14
     3.9811E+00     3.0000E-02     5.2725E+14
     5.0119E+00     3.0000E-02     4.3498E+14
     6.3096E+00     3.0000E-02     2.1870E+14
     7.9433E+00     3.0000E-02     2.7183E+14
     1.0000E+01     3.0000E-02     2.2881E+14
     1.2589E+01     3.0000E-02     1.2964E+14
     1.5849E+01     3.0000E-02     8.0251E+15
     1.9953E+01     3.0000E-02     6.9879E+15
     2.5119E+01     3.0000E-02     5.5496E+15
     3.1623E+01     3.0000E-02     6.4872E+15
     3.9811E+01     3.0000E-02     3.2599E+15
     5.0119E+01     3.0000E-02     3.8003E+15
     6.3096E+01     3.0000E-02     1.6646E+15
     7.9433E+01     3.0000E-02     3.4472E+15
     1.0000E+02     3.0000E-02     2.0240E+15
     0.0000E+00     4.0000E-02     2.2110E+21
     1.0000E-03     4.0000E-02     2.2264E+21
     1.2589E-03     4.0000E-02     2.2110E+21
     1.5849E-03     4.0000E-02     2.0327E+21
     1.9953E-03     4.0000E-02     1.9183E+21
     2.5119E-03     4.0000E-02     1.6864E+21
     3.1623E-03     4.0000E-02     1.3182E+21
     3.9811E-03     4.0000E-02     8.9420E+20
     5.0119E-03     4.0000E-02     6.1679E+20
     6.3096E-03     4.0000E-02     4.3521E+20
     7.9433E-03     4.0000E-02     2.7893E+20
     1.0000E-02     4.0000E-02     1.8741E+20
     1.2589E-02     4.0000E-02     1.3012E+20
     1.5849E-02     4.0000E-02     9.1796E+19
     1.9953E-02     4.0000E-02     6.8815E+19
     2.5119E-02     4.0000E-02     5.4908E+19
     3.1623E-02     4.0000E-02     4.3986E+19
     3.9811E-02     4.0000E-02     3.4451E+19
     5.0119E-02     4.0000E-02     2.5721E+19
     6.3096E-02     4.0000E-02     1.9595E+19
     7.9433E-02     4.0000E-02     1.4460E+19
     1.0000E-01     4.0000E-02     1.0192E+19
     1.2589E-01     4.0000E-02     6.9995E+18
     1.5849E-01     4.0000E-02     4.4247E+18
     1.9953E-01     4.0000E-02     2.4383E+18
     2.5119E-01     4.0000E-02     1.0101E+18
     3.1623E-01     4.0000E-02     3.5784E+17
     3.9811E-01     4.0000E-02     2.0629E+17
     5.0119E-01     4.0000E-02     1.1320E+17
     6.3096E-01     4.0000E-02     5.3998E+16
     7.9433E-01     4.0000E-02     3.2003E+16
     1.0000E+00     4.0000E-02     2.0117E+16
     1.2589E+00     4.0000E-02     8.3603E+15
     1.5849E+00     4.0000E-02     2.4720E+15
     1.9953E+00     4.0000E-02     2.1212E+15
     2.5119E+00     4.0000E-02     9.0320E+14
     3.1623E+00     4.0000E-02     7.4730E+14
     3.9811E+00     4.0000E-02     6.4213E+14
     5.0119E+00     4.0000E-02     3.1881E+14
     6.3096E+00     4.0000E-02     3.2932E+14
     7.9433E+00     4.0000E-02     1.3115E+15
     1.0000E+01     4.0000E-02     1.6197E+16
     1.2589E+01     4.0000E-02     9.0570E+15
     1.5849E+01     4.0000E-02     7.3572E+15
     1.9953E+01     4.0000E-02     5.3881E+15
     2.5119E+01     4.0000E-02     5.8907E+15
     3.1623E+01     4.0000E-02     2.3014E+15
     3.9811E+01     4.0000E-02     3.2957E+15
     5.0119E+01     4.0000E-02     3.9148E+15
     6.3096E+01     4.0000E-02     1.3661E+15
     7.9433E+01     4.0000E-02     1.2417E+15
     1.0000E+02     4.0000E-02     1.1006E+15
