          52          3
     0.0000E+00     1.0000E-03     1.1644E+47     0.0000E+00        22.8123     2.4670E-18     1.9432E-18     1.6010E-18     2.1454E-18     1.3635E-22     3.4424E-22
     1.0000E-03     1.0000E-03     9.7575E+46     3.3769E+60        22.8516     2.4597E-18     1.9358E-18     1.6024E-18     2.1444E-18     7.9294E-23     2.0031E-22
     1.2589E-03     1.0000E-03     1.1644E+47     4.2512E+60        22.8123     2.4670E-18     1.9432E-18     1.6010E-18     2.1454E-18     1.3635E-22     3.4424E-22
     1.5849E-03     1.0000E-03     1.2145E+47     5.4748E+60        22.5223     2.5265E-18     2.0025E-18     1.5469E-18     2.0914E-18     1.3529E-22     3.4565E-22
     1.9953E-03     1.0000E-03     1.1199E+47     6.9864E+60        21.9515     2.6519E-18     2.1279E-18     1.4219E-18     1.9590E-18     3.7747E-22     1.0809E-21
     2.5119E-03     1.0000E-03     9.7461E+46     8.6937E+60        22.5196     2.5970E-18     2.0369E-18     1.4682E-18     2.0020E-18     4.1695E-21     1.1883E-20
     3.1623E-03     1.0000E-03     6.8738E+46     1.0399E+61        22.0083     2.6728E-18     2.1313E-18     1.3959E-18     1.9303E-18     1.9139E-21     5.5392E-21
     3.9811E-03     1.0000E-03     4.3839E+46     1.1854E+61        21.6672     2.7287E-18     2.1993E-18     1.3420E-18     1.8750E-18     6.1317E-22     1.7869E-21
     5.0119E-03     1.0000E-03     2.7026E+46     1.3006E+61        21.3887     2.8013E-18     2.2698E-18     1.2650E-18     1.7919E-18     5.9436E-22     1.7540E-21
     6.3096E-03     1.0000E-03     1.5132E+46     1.3870E+61        21.4226     2.8217E-18     2.2747E-18     1.2411E-18     1.7714E-18     4.0743E-22     1.1967E-21
     7.9433E-03     1.0000E-03     8.5580E+45     1.4480E+61        21.5865     2.8122E-18     2.2479E-18     1.2673E-18     1.8085E-18     3.2419E-22     9.4430E-22
     1.0000E-02     1.0000E-03     4.6498E+45     1.4909E+61        22.1432     2.6901E-18     2.1197E-18     1.4279E-18     1.9882E-18     3.5747E-22     1.0065E-21
     1.2589E-02     1.0000E-03     2.4485E+45     1.5199E+61        23.5524     2.4352E-18     1.8481E-18     1.7117E-18     2.2773E-18     2.3807E-21     6.3558E-21
     1.5849E-02     1.0000E-03     8.1625E+44     1.5367E+61        23.6045     2.4529E-18     1.8503E-18     1.6974E-18     2.2618E-18     3.0180E-21     7.9844E-21
     1.9953E-02     1.0000E-03     4.4248E+44     1.5448E+61        23.9007     2.3777E-18     1.7883E-18     1.7682E-18     2.3256E-18     2.7528E-21     7.0903E-21
     2.5119E-02     1.0000E-03     1.9554E+44     1.5500E+61        23.6145     2.4173E-18     1.8340E-18     1.7212E-18     2.2801E-18     2.0493E-21     5.1991E-21
     3.1623E-02     1.0000E-03     1.4869E+44     1.5536E+61        24.1366     2.2582E-18     1.7148E-18     1.8844E-18     2.4288E-18     2.0698E-21     5.1185E-21
     3.9811E-02     1.0000E-03     9.9075E+43     1.5568E+61        23.2793     2.3715E-18     1.8490E-18     1.7600E-18     2.3080E-18     1.4104E-21     3.6167E-21
     5.0119E-02     1.0000E-03     7.6428E+43     1.5596E+61        22.7808     2.4214E-18     1.9248E-18     1.6935E-18     2.2363E-18     8.2203E-22     2.1561E-21
     6.3096E-02     1.0000E-03     5.4734E+43     1.5623E+61        22.4545     2.4610E-18     1.9796E-18     1.6380E-18     2.1739E-18     6.2941E-22     1.6854E-21
     7.9433E-02     1.0000E-03     3.4940E+43     1.5646E+61        21.9940     2.5546E-18     2.0779E-18     1.5128E-18     2.0334E-18     1.3996E-21     3.9263E-21
     1.0000E-01     1.0000E-03     2.3877E+43     1.5665E+61        21.2967     2.6808E-18     2.2268E-18     1.3454E-18     1.8349E-18     1.7998E-21     5.3111E-21
     1.2589E-01     1.0000E-03     1.5563E+43     1.5681E+61        20.7905     2.7976E-18     2.3533E-18     1.2020E-18     1.6651E-18     1.9563E-21     5.9473E-21
     1.5849E-01     1.0000E-03     7.2272E+42     1.5693E+61        20.6493     2.8692E-18     2.4090E-18     1.1054E-18     1.5581E-18     2.8799E-21     8.7155E-21
     1.9953E-01     1.0000E-03     4.4755E+42     1.5701E+61        20.6803     2.8821E-18     2.4111E-18     1.0982E-18     1.5515E-18     3.9315E-21     1.1911E-20
     2.5119E-01     1.0000E-03     2.1544E+42     1.5706E+61        20.7753     2.8809E-18     2.3966E-18     1.0985E-18     1.5590E-18     4.3490E-21     1.3055E-20
     3.1623E-01     1.0000E-03     1.4626E+42     1.5710E+61        21.6416     2.8096E-18     2.2457E-18     1.1768E-18     1.6652E-18     9.1210E-21     2.6491E-20
     3.9811E-01     1.0000E-03     8.4464E+41     1.5713E+61        22.2647     2.6631E-18     2.0992E-18     1.3485E-18     1.8565E-18     9.1646E-21     2.5754E-20
     5.0119E-01     1.0000E-03     4.5244E+41     1.5715E+61        24.0526     2.4287E-18     1.8015E-18     1.6130E-18     2.1394E-18     1.4277E-20     3.6872E-20
     6.3096E-01     1.0000E-03     2.1326E+41     1.5716E+61        24.0561     2.4240E-18     1.8001E-18     1.6368E-18     2.1546E-18     1.7576E-20     4.5599E-20
     7.9433E-01     1.0000E-03     1.5214E+41     1.5717E+61        24.4425     2.2820E-18     1.7024E-18     1.8023E-18     2.3114E-18     1.6005E-20     4.0867E-20
     1.0000E+00     1.0000E-03     1.1057E+41     1.5718E+61        24.9187     2.2200E-18     1.6352E-18     1.8421E-18     2.3360E-18     1.9552E-20     4.8786E-20
     1.2589E+00     1.0000E-03     1.2494E+41     1.5719E+61        24.3391     2.2986E-18     1.7217E-18     1.7179E-18     2.2137E-18     1.8860E-20     4.8046E-20
     1.5849E+00     1.0000E-03     5.6572E+40     1.5720E+61        25.9359     2.1468E-18     1.5255E-18     1.8408E-18     2.2978E-18     3.3590E-20     8.0384E-20
     1.9953E+00     1.0000E-03     4.6590E+40     1.5720E+61        25.4094     2.1454E-18     1.5651E-18     1.8742E-18     2.3467E-18     2.4511E-20     5.9867E-20
     2.5119E+00     1.0000E-03     3.4311E+40     1.5721E+61        25.4539     2.1595E-18     1.5677E-18     1.8416E-18     2.3138E-18     2.5353E-20     6.1818E-20
     3.1623E+00     1.0000E-03     2.0501E+40     1.5722E+61        25.6833     2.1488E-18     1.5459E-18     1.8345E-18     2.2983E-18     2.8896E-20     6.9846E-20
     3.9811E+00     1.0000E-03     1.8724E+40     1.5722E+61        25.4125     2.1852E-18     1.5822E-18     1.8013E-18     2.2745E-18     2.6394E-20     6.4474E-20
     5.0119E+00     1.0000E-03     9.6502E+39     1.5723E+61        27.4160     1.9008E-18     1.3244E-18     2.0591E-18     2.4507E-18     4.3890E-20     9.9379E-20
     6.3096E+00     1.0000E-03     9.2456E+39     1.5723E+61        25.5911     2.1705E-18     1.5621E-18     1.8106E-18     2.2775E-18     2.8981E-20     7.0296E-20
     7.9433E+00     1.0000E-03     9.4839E+39     1.5724E+61        25.0984     2.2397E-18     1.6308E-18     1.7465E-18     2.2292E-18     2.4732E-20     6.1167E-20
     1.0000E+01     1.0000E-03     5.2965E+39     1.5724E+61        27.0743     1.9486E-18     1.3654E-18     2.0166E-18     2.4239E-18     4.0912E-20     9.3800E-20
     1.2589E+01     1.0000E-03     7.1956E+39     1.5725E+61        25.2464     2.2374E-18     1.6179E-18     1.7429E-18     2.2204E-18     2.7821E-20     6.8402E-20
     1.5849E+01     1.0000E-03     2.7925E+39     1.5725E+61        27.1340     1.9402E-18     1.3581E-18     2.0252E-18     2.4299E-18     4.1410E-20     9.4729E-20
     1.9953E+01     1.0000E-03     3.3334E+39     1.5725E+61        27.6456     1.8662E-18     1.2964E-18     2.0916E-18     2.4719E-18     4.5936E-20     1.0313E-19
     2.5119E+01     1.0000E-03     2.1501E+39     1.5726E+61        27.0738     1.9710E-18     1.3740E-18     2.0004E-18     2.4089E-18     4.2665E-20     9.7809E-20
     3.1623E+01     1.0000E-03     2.0514E+39     1.5726E+61        25.7252     2.3383E-18     1.6163E-18     1.7748E-18     2.2528E-18     3.8744E-20     9.3472E-20
     3.9811E+01     1.0000E-03     1.1001E+40     1.5728E+61        17.9312     3.9364E-18     3.4512E-18     4.0015E-19     7.0034E-19     3.1949E-21     1.1057E-20
     5.0119E+01     1.0000E-03     4.5521E+40     1.5737E+61        20.5663     3.0929E-18     2.5280E-18     9.4946E-19     1.4285E-18     1.6453E-21     4.9730E-21
     6.3096E+01     1.0000E-03     2.0893E+41     1.5789E+61        22.4933     2.5496E-18     2.0174E-18     1.4994E-18     2.0301E-18     2.2722E-21     6.0954E-21
     7.9433E+01     1.0000E-03     2.2581E+41     1.5901E+61        22.0150     2.5315E-18     2.0634E-18     1.5531E-18     2.0855E-18     5.7205E-22     1.5797E-21
     1.0000E+02     1.0000E-03     1.8521E+30     1.5975E+61        14.3332     5.5729E-18     5.5384E-18     6.3639E-25     1.1213E-24     4.1238E-34     1.9862E-33
     0.0000E+00     4.0000E-03     1.1121E+47     0.0000E+00        21.4073     2.7210E-18     2.2294E-18     1.3660E-18     1.8897E-18     1.3950E-22     3.7355E-22
     1.0000E-03     4.0000E-03     1.0281E+47     3.3768E+60        22.0105     2.5973E-18     2.0955E-18     1.4747E-18     2.0076E-18     1.8372E-22     4.7960E-22
     1.2589E-03     4.0000E-03     1.1121E+47     4.2512E+60        21.4073     2.7210E-18     2.2294E-18     1.3660E-18     1.8897E-18     1.3950E-22     3.7355E-22
     1.5849E-03     4.0000E-03     1.0572E+47     5.3669E+60        20.8784     2.8407E-18     2.3590E-18     1.2471E-18     1.7529E-18     7.8927E-23     2.1667E-22
     1.9953E-03     4.0000E-03     8.8456E+46     6.6242E+60        20.5163     2.9324E-18     2.4563E-18     1.1533E-18     1.6430E-18     9.1107E-23     2.6349E-22
     2.5119E-03     4.0000E-03     7.6343E+46     7.9676E+60        21.4641     2.7543E-18     2.2367E-18     1.3631E-18     1.9003E-18     3.9075E-22     1.1168E-21
     3.1623E-03     4.0000E-03     5.7032E+46     9.3363E+60        21.4834     2.7557E-18     2.2346E-18     1.3743E-18     1.9159E-18     5.0889E-22     1.4747E-21
     3.9811E-03     4.0000E-03     3.4949E+46     1.0525E+61        20.9996     2.8681E-18     2.3538E-18     1.2546E-18     1.7820E-18     2.7026E-22     7.9823E-22
     5.0119E-03     4.0000E-03     2.1071E+46     1.1436E+61        20.6614     2.9472E-18     2.4404E-18     1.1795E-18     1.6950E-18     7.4576E-23     2.2058E-22
     6.3096E-03     4.0000E-03     1.0794E+46     1.2088E+61        20.6061     2.9622E-18     2.4550E-18     1.2002E-18     1.7216E-18     4.1635E-23     1.2174E-22
     7.9433E-03     4.0000E-03     5.0268E+45     1.2496E+61        20.5999     2.9826E-18     2.4655E-18     1.2045E-18     1.7306E-18     5.9398E-23     1.7492E-22
     1.0000E-02     4.0000E-03     2.5740E+45     1.2743E+61        21.2345     2.8283E-18     2.2999E-18     1.3838E-18     1.9378E-18     1.2284E-22     3.5373E-22
     1.2589E-02     4.0000E-03     1.3896E+45     1.2905E+61        21.7917     2.6712E-18     2.1528E-18     1.5275E-18     2.0870E-18     1.3363E-22     3.6575E-22
     1.5849E-02     4.0000E-03     7.6964E+44     1.3016E+61        22.7816     2.4425E-18     1.9315E-18     1.7716E-18     2.3357E-18     2.4518E-22     6.3063E-22
     1.9953E-02     4.0000E-03     4.0877E+44     1.3092E+61        23.6161     2.2540E-18     1.7613E-18     1.9724E-18     2.5276E-18     4.7594E-22     1.1788E-21
     2.5119E-02     4.0000E-03     1.7362E+44     1.3139E+61        22.7307     2.4387E-18     1.9365E-18     1.7331E-18     2.2915E-18     4.6251E-22     1.1884E-21
     3.1623E-02     4.0000E-03     1.2272E+44     1.3170E+61        21.8195     2.6056E-18     2.1216E-18     1.5004E-18     2.0358E-18     3.0425E-22     8.1525E-22
     3.9811E-02     4.0000E-03     8.4760E+43     1.3197E+61        21.5192     2.6486E-18     2.1807E-18     1.4252E-18     1.9447E-18     2.5093E-22     6.8442E-22
     5.0119E-02     4.0000E-03     6.6854E+43     1.3221E+61        21.0844     2.7239E-18     2.2750E-18     1.3299E-18     1.8286E-18     2.3258E-22     6.6322E-22
     6.3096E-02     4.0000E-03     4.4004E+43     1.3244E+61        21.1297     2.7069E-18     2.2605E-18     1.3516E-18     1.8535E-18     2.0753E-22     6.0554E-22
     7.9433E-02     4.0000E-03     2.7256E+43     1.3262E+61        20.3091     2.8618E-18     2.4557E-18     1.1161E-18     1.5530E-18     8.3521E-22     2.5658E-21
     1.0000E-01     4.0000E-03     2.8144E+43     1.3280E+61        20.5885     2.7921E-18     2.3789E-18     1.2670E-18     1.7366E-18     1.1092E-21     3.4030E-21
     1.2589E-01     4.0000E-03     1.6389E+43     1.3299E+61        20.3395     2.8941E-18     2.4682E-18     1.0893E-18     1.5265E-18     2.4015E-21     7.5072E-21
     1.5849E-01     4.0000E-03     9.5838E+42     1.3312E+61        20.0618     2.9793E-18     2.5548E-18     9.7522E-19     1.3860E-18     2.8792E-21     9.1622E-21
     1.9953E-01     4.0000E-03     7.3035E+42     1.3323E+61        20.3011     2.9536E-18     2.5043E-18     1.0189E-18     1.4558E-18     3.2434E-21     9.9622E-21
     2.5119E-01     4.0000E-03     4.6782E+42     1.3333E+61        20.3896     2.9572E-18     2.4937E-18     1.0059E-18     1.4400E-18     4.4997E-21     1.3844E-20
     3.1623E-01     4.0000E-03     2.6701E+42     1.3340E+61        20.2890     2.9701E-18     2.5154E-18     9.9053E-19     1.4181E-18     4.4945E-21     1.3852E-20
     3.9811E-01     4.0000E-03     2.1530E+42     1.3346E+61        20.6083     2.9239E-18     2.4452E-18     1.0375E-18     1.4793E-18     5.8887E-21     1.7921E-20
     5.0119E-01     4.0000E-03     1.0039E+42     1.3352E+61        20.5680     2.9578E-18     2.4687E-18     9.9557E-19     1.4300E-18     7.1941E-21     2.1848E-20
     6.3096E-01     4.0000E-03     5.8115E+41     1.3355E+61        21.6980     2.7953E-18     2.2341E-18     1.1866E-18     1.6761E-18     1.0911E-20     3.1332E-20
     7.9433E-01     4.0000E-03     2.8924E+41     1.3357E+61        21.4940     2.8462E-18     2.2861E-18     1.1195E-18     1.5910E-18     1.2468E-20     3.6271E-20
     1.0000E+00     4.0000E-03     1.3786E+41     1.3358E+61        24.2835     2.3974E-18     1.7720E-18     1.5855E-18     2.0764E-18     2.5401E-20     6.5125E-20
     1.2589E+00     4.0000E-03     8.7603E+40     1.3359E+61        24.6737     2.3083E-18     1.6966E-18     1.7018E-18     2.1905E-18     2.4000E-20     6.0539E-20
     1.5849E+00     4.0000E-03     8.1992E+40     1.3360E+61        26.2901     2.0725E-18     1.4696E-18     1.9095E-18     2.3477E-18     3.6232E-20     8.5582E-20
     1.9953E+00     4.0000E-03     5.7917E+40     1.3361E+61        25.9926     2.1037E-18     1.5042E-18     1.8842E-18     2.3327E-18     3.3067E-20     7.9003E-20
     2.5119E+00     4.0000E-03     3.8803E+40     1.3362E+61        26.6281     2.0206E-18     1.4244E-18     1.9552E-18     2.3809E-18     3.8171E-20     8.9024E-20
     3.1623E+00     4.0000E-03     2.8574E+40     1.3363E+61        26.8170     1.9871E-18     1.3979E-18     1.9848E-18     2.4025E-18     3.8916E-20     9.0122E-20
     3.9811E+00     4.0000E-03     2.0086E+40     1.3363E+61        26.6724     2.0160E-18     1.4196E-18     1.9548E-18     2.3788E-18     3.8511E-20     8.9673E-20
     5.0119E+00     4.0000E-03     1.7248E+40     1.3364E+61        26.6636     2.0157E-18     1.4200E-18     1.9560E-18     2.3804E-18     3.8283E-20     8.9170E-20
     6.3096E+00     4.0000E-03     9.3416E+39     1.3364E+61        27.4297     1.8992E-18     1.3228E-18     2.0625E-18     2.4531E-18     4.3846E-20     9.9277E-20
     7.9433E+00     4.0000E-03     1.1227E+40     1.3365E+61        27.1303     1.9514E-18     1.3629E-18     2.0124E-18     2.4172E-18     4.2238E-20     9.6693E-20
     1.0000E+01     4.0000E-03     8.9056E+39     1.3366E+61        26.4782     2.0465E-18     1.4455E-18     1.9271E-18     2.3592E-18     3.7151E-20     8.7141E-20
     1.2589E+01     4.0000E-03     4.4044E+39     1.3366E+61        27.3351     1.9144E-18     1.3349E-18     2.0481E-18     2.4432E-18     4.3236E-20     9.8235E-20
     1.5849E+01     4.0000E-03     7.3185E+39     1.3367E+61        26.3482     2.0648E-18     1.4621E-18     1.9134E-18     2.3504E-18     3.6103E-20     8.5102E-20
     1.9953E+01     4.0000E-03     3.7095E+39     1.3367E+61        27.0452     1.9632E-18     1.3732E-18     2.0004E-18     2.4087E-18     4.1610E-20     9.5556E-20
     2.5119E+01     4.0000E-03     4.3237E+39     1.3368E+61        27.8680     1.8423E-18     1.2735E-18     2.1094E-18     2.4799E-18     4.7959E-20     1.0689E-19
     3.1623E+01     4.0000E-03     2.6249E+39     1.3369E+61        27.8942     1.8366E-18     1.2697E-18     2.1154E-18     2.4844E-18     4.8023E-20     1.0692E-19
     3.9811E+01     4.0000E-03     2.3043E+39     1.3369E+61        27.8731     1.8391E-18     1.2719E-18     2.1134E-18     2.4834E-18     4.7844E-20     1.0660E-19
     5.0119E+01     4.0000E-03     1.9419E+39     1.3370E+61        25.0276     2.2541E-18     1.6428E-18     1.7487E-18     2.2311E-18     2.5365E-20     6.2934E-20
     6.3096E+01     4.0000E-03     2.4288E+37     1.3370E+61        15.8331     4.6004E-18     4.3926E-18     5.3879E-20     9.3575E-20     5.6085E-26     2.0228E-25
     7.9433E+01     4.0000E-03     6.7482E+40     1.3388E+61        22.1701     2.6540E-18     2.1018E-18     1.4223E-18     1.9602E-18     2.6236E-22     7.1493E-22
     1.0000E+02     4.0000E-03     1.0084E+41     1.3443E+61        19.2289     3.1626E-18     2.7866E-18     7.8633E-19     1.1468E-18     3.4408E-22     1.0855E-21
     0.0000E+00     2.0000E-02     6.7627E+46     0.0000E+00        18.7059     3.3573E-18     2.9804E-18     7.4322E-19     1.0946E-18     4.1181E-24     1.2638E-23
     1.0000E-03     2.0000E-02     8.3134E+46     2.3788E+60        19.3504     3.1612E-18     2.7593E-18     9.1901E-19     1.3228E-18     1.9542E-23     5.7878E-23
     1.2589E-03     2.0000E-02     6.7627E+46     2.9947E+60        18.7059     3.3573E-18     2.9804E-18     7.4322E-19     1.0946E-18     4.1181E-24     1.2638E-23
     1.5849E-03     2.0000E-02     5.8677E+46     3.6443E+60        18.4623     3.4377E-18     3.0714E-18     6.6570E-19     9.9120E-19     2.9225E-24     9.0813E-24
     1.9953E-03     2.0000E-02     4.7134E+46     4.3294E+60        18.1845     3.5150E-18     3.1714E-18     5.7012E-19     8.5622E-19     2.1553E-24     6.8040E-24
     2.5119E-03     2.0000E-02     3.5875E+46     5.0061E+60        18.3724     3.4631E-18     3.1046E-18     6.3537E-19     9.5338E-19     1.9849E-24     6.2178E-24
     3.1623E-03     2.0000E-02     2.5757E+46     5.6386E+60        19.3475     3.2420E-18     2.7996E-18     9.5701E-19     1.4138E-18     1.2913E-24     3.8478E-24
     3.9811E-03     2.0000E-02     1.5119E+46     6.1666E+60        19.5194     3.2151E-18     2.7536E-18     1.0637E-18     1.5570E-18     2.7214E-25     7.9810E-25
     5.0119E-03     2.0000E-02     7.8731E+45     6.5406E+60        19.5433     3.2311E-18     2.7562E-18     1.1205E-18     1.6334E-18     1.5333E-25     4.5623E-25
     6.3096E-03     2.0000E-02     3.7035E+45     6.7776E+60        20.1267     3.1360E-18     2.6098E-18     1.2380E-18     1.7955E-18     1.7950E-24     5.5009E-24
     7.9433E-03     2.0000E-02     2.2178E+45     6.9303E+60        22.7082     2.5805E-18     1.9973E-18     1.7702E-18     2.3789E-18     2.0495E-23     5.4995E-23
     1.0000E-02     2.0000E-02     1.1488E+45     7.0395E+60        23.8240     2.3560E-18     1.7813E-18     1.9606E-18     2.5487E-18     3.3913E-22     8.6591E-22
     1.2589E-02     2.0000E-02     6.5961E+44     7.1134E+60        24.7903     2.1374E-18     1.6004E-18     2.1490E-18     2.7034E-18     1.0320E-21     2.5192E-21
     1.5849E-02     2.0000E-02     3.5621E+44     7.1656E+60        25.0312     2.0325E-18     1.5366E-18     2.2561E-18     2.7929E-18     1.1672E-21     2.7924E-21
     1.9953E-02     2.0000E-02     2.2362E+44     7.2032E+60        23.8441     2.1480E-18     1.6921E-18     2.1176E-18     2.6697E-18     4.4270E-22     1.0967E-21
     2.5119E-02     2.0000E-02     1.3135E+44     7.2321E+60        23.1849     2.2489E-18     1.8022E-18     1.9818E-18     2.5357E-18     2.2372E-22     5.7103E-22
     3.1623E-02     2.0000E-02     1.0330E+44     7.2562E+60        22.8439     2.2797E-18     1.8528E-18     1.9101E-18     2.4541E-18     1.0899E-22     2.8586E-22
     3.9811E-02     2.0000E-02     7.2010E+43     7.2788E+60        22.4198     2.3545E-18     1.9341E-18     1.7925E-18     2.3263E-18     1.1649E-22     3.1541E-22
     5.0119E-02     2.0000E-02     5.2602E+43     7.2991E+60        21.9643     2.4448E-18     2.0296E-18     1.6585E-18     2.1776E-18     2.5678E-22     7.2878E-22
     6.3096E-02     2.0000E-02     4.8115E+43     7.3197E+60        21.2513     2.6183E-18     2.2022E-18     1.4494E-18     1.9464E-18     1.1535E-21     3.3760E-21
     7.9433E-02     2.0000E-02     2.9377E+43     7.3397E+60        20.8717     2.6855E-18     2.2866E-18     1.3412E-18     1.8103E-18     1.0532E-21     3.1766E-21
     1.0000E-01     2.0000E-02     1.9170E+43     7.3555E+60        20.4128     2.8261E-18     2.4235E-18     1.1445E-18     1.5731E-18     2.4810E-21     7.7064E-21
     1.2589E-01     2.0000E-02     1.2548E+43     7.3684E+60        20.3323     2.8971E-18     2.4717E-18     1.0828E-18     1.5097E-18     3.7437E-21     1.1673E-20
     1.5849E-01     2.0000E-02     9.8620E+42     7.3799E+60        19.9781     3.0327E-18     2.5955E-18     9.5513E-19     1.3625E-18     4.4124E-21     1.4000E-20
     1.9953E-01     2.0000E-02     4.6967E+42     7.3894E+60        20.3114     3.0638E-18     2.5590E-18     9.8169E-19     1.4218E-18     7.5390E-21     2.3358E-20
     2.5119E-01     2.0000E-02     4.3322E+42     7.3967E+60        20.4434     2.9771E-18     2.4935E-18     1.0699E-18     1.5280E-18     4.6133E-21     1.4077E-20
     3.1623E-01     2.0000E-02     1.8568E+42     7.4031E+60        20.5543     3.0759E-18     2.5270E-18     1.0153E-18     1.4782E-18     9.4346E-21     2.8753E-20
     3.9811E-01     2.0000E-02     6.0011E+41     7.4063E+60        21.0426     3.1003E-18     2.4675E-18     1.0339E-18     1.5231E-18     1.4705E-20     4.3619E-20
     5.0119E-01     2.0000E-02     4.9335E+41     7.4080E+60        22.0355     2.9772E-18     2.2727E-18     1.2232E-18     1.7622E-18     1.8654E-20     5.2672E-20
     6.3096E-01     2.0000E-02     2.7198E+41     7.4096E+60        24.1370     2.5548E-18     1.8516E-18     1.5441E-18     2.0598E-18     2.8213E-20     7.2876E-20
     7.9433E-01     2.0000E-02     1.9465E+41     7.4108E+60        25.4139     2.2768E-18     1.6205E-18     1.7620E-18     2.2371E-18     3.3355E-20     8.1688E-20
     1.0000E+00     2.0000E-02     1.4173E+41     7.4119E+60        25.5615     2.1834E-18     1.5688E-18     1.8686E-18     2.3378E-18     3.0557E-20     7.4253E-20
     1.2589E+00     2.0000E-02     7.9055E+40     7.4128E+60        25.4403     2.1794E-18     1.5780E-18     1.8526E-18     2.3180E-18     3.0255E-20     7.3883E-20
     1.5849E+00     2.0000E-02     4.5288E+40     7.4134E+60        25.9764     2.0673E-18     1.4893E-18     1.9724E-18     2.4215E-18     3.0928E-20     7.3950E-20
     1.9953E+00     2.0000E-02     6.7175E+40     7.4142E+60        26.8970     1.9701E-18     1.3861E-18     2.0099E-18     2.4200E-18     4.0720E-20     9.4063E-20
     2.5119E+00     2.0000E-02     5.2579E+40     7.4151E+60        26.8717     1.9718E-18     1.3886E-18     2.0060E-18     2.4170E-18     4.0549E-20     9.3750E-20
     3.1623E+00     2.0000E-02     4.2911E+40     7.4161E+60        27.6803     1.8550E-18     1.2900E-18     2.1096E-18     2.4851E-18     4.6135E-20     1.0355E-19
     3.9811E+00     2.0000E-02     3.2437E+40     7.4171E+60        27.7015     1.8717E-18     1.2952E-18     2.0840E-18     2.4623E-18     4.7078E-20     1.0559E-19
     5.0119E+00     2.0000E-02     2.9613E+40     7.4181E+60        27.6325     1.8710E-18     1.2992E-18     2.0902E-18     2.4696E-18     4.6184E-20     1.0384E-19
     6.3096E+00     2.0000E-02     1.9953E+40     7.4191E+60        27.8247     1.8552E-18     1.2812E-18     2.0968E-18     2.4698E-18     4.7977E-20     1.0713E-19
     7.9433E+00     2.0000E-02     1.3048E+40     7.4200E+60        27.5340     1.9006E-18     1.3170E-18     2.0558E-18     2.4424E-18     4.6188E-20     1.0422E-19
     1.0000E+01     2.0000E-02     1.3887E+40     7.4208E+60        28.0582     1.8183E-18     1.2528E-18     2.1304E-18     2.4920E-18     4.9391E-20     1.0937E-19
     1.2589E+01     2.0000E-02     9.0488E+39     7.4218E+60        27.8634     1.8521E-18     1.2776E-18     2.0993E-18     2.4709E-18     4.8422E-20     1.0797E-19
     1.5849E+01     2.0000E-02     7.6614E+39     7.4226E+60        28.1843     1.8010E-18     1.2386E-18     2.1457E-18     2.5014E-18     5.0314E-20     1.1092E-19
     1.9953E+01     2.0000E-02     2.9777E+39     7.4233E+60        26.3983     2.0734E-18     1.4627E-18     1.9002E-18     2.3335E-18     3.8911E-20     9.1581E-20
     2.5119E+01     2.0000E-02     1.2988E+37     7.4236E+60        18.5980     3.4225E-18     3.0370E-18     6.4292E-19     9.8053E-19     1.7432E-24     5.3687E-24
     3.1623E+01     2.0000E-02     7.5435E+40     7.4313E+60        19.9418     3.0710E-18     2.6138E-18     1.0274E-18     1.4874E-18     2.8551E-22     8.5924E-22
     3.9811E+01     2.0000E-02     2.1816E+41     7.4692E+60        20.0124     2.9844E-18     2.5591E-18     1.1310E-18     1.5972E-18     9.9133E-23     2.9910E-22
     5.0119E+01     2.0000E-02     2.0399E+41     7.5379E+60        19.8891     3.0264E-18     2.6001E-18     1.0978E-18     1.5611E-18     7.9121E-23     2.3959E-22
     6.3096E+01     2.0000E-02     1.4577E+41     7.6095E+60        19.9254     2.9932E-18     2.5779E-18     1.1023E-18     1.5565E-18     4.8215E-23     1.4481E-22
     7.9433E+01     2.0000E-02     7.2673E+40     7.6658E+60        19.6801     3.0834E-18     2.6637E-18     1.0351E-18     1.4831E-18     3.8640E-23     1.1718E-22
     1.0000E+02     2.0000E-02     5.3376E+40     7.7067E+60        19.5765     3.0884E-18     2.6841E-18     1.0033E-18     1.4327E-18     2.2674E-23     6.8797E-23