  7.500000000000000E-003  0.000000000000000E+000
  2.250000000000000E-002  0.000000000000000E+000
  3.750000000000000E-002  0.000000000000000E+000
  5.250000000000000E-002  0.000000000000000E+000
  6.749999999999999E-002  0.000000000000000E+000
  8.249999999999999E-002  0.000000000000000E+000
  9.749999999999999E-002  0.000000000000000E+000
  0.112500000000000       0.000000000000000E+000
  0.127500000000000       0.000000000000000E+000
  0.142500000000000       0.000000000000000E+000
  0.157500000000000       0.000000000000000E+000
  0.172500000000000       0.000000000000000E+000
  0.187500000000000       0.000000000000000E+000
  0.202500000000000       0.000000000000000E+000
  0.217500000000000       0.000000000000000E+000
  0.232500000000000       0.000000000000000E+000
  0.247500000000000       0.000000000000000E+000
  0.262500000000000       0.000000000000000E+000
  0.277500000000000       0.000000000000000E+000
  0.292500000000000       0.000000000000000E+000
  0.307500000000000       0.000000000000000E+000
  0.322500000000000       0.000000000000000E+000
  0.337500000000000       0.000000000000000E+000
  0.352500000000000       5.251355123076575E-003
  0.367500000000000       7.526942343076420E-002
  0.382500000000000       0.213555108338448     
  0.397500000000000       0.593403128907654     
  0.412500000000000        1.28916040668904     
  0.427500000000000        2.36135935367676     
  0.442500000000000        3.19107346312282     
  0.457500000000000        4.79623767907648     
  0.472500000000000        7.06545990427688     
  0.487500000000000        9.60299025725620     
  0.502500000000000        11.6441036552762     
  0.517500000000000        15.7978721065224     
  0.532500000000000        18.6749776911612     
  0.547500000000000        22.5231107439608     
  0.562500000000000        46.0374438597261     
  0.577500000000000        51.4668878281940     
  0.592500000000000        59.9935261099155     
  0.607500000000000        65.6925183342511     
  0.622500000000000        73.5526712232064     
  0.637500000000000        79.6231923359453     
  0.652500000000000        86.3434359820884     
  0.667500000000000        91.6748924014361     
  0.682500000000000        99.6480006791090     
  0.697500000000000        109.086683878290     
  0.712500000000000        121.784176659291     
  0.727500000000000        133.676745561362     
  0.742500000000000        143.136186589734     
  0.757500000000000        153.435844437776     
  0.772500000000000        151.396568198323     
  0.787500000000000        158.874497893575     
  0.802500000000000        168.006604452577     
  0.817500000000000        184.137016938912     
  0.832500000000000        202.959624151676     
  0.847500000000000        212.749900552770     
  0.862500000000000        215.135766230348     
  0.877500000000000        228.470707339497     
  0.892500000000000        234.523769344692     
  0.907500000000000        252.959526730091     
  0.922500000000000        258.934346192070     
  0.937500000000000        271.932672789721     
  0.952500000000000        137.270422917257     
  0.967500000000000       0.000000000000000E+000
  0.982500000000000       0.000000000000000E+000
  0.997500000000000       0.000000000000000E+000
   1.01250000000000       0.000000000000000E+000
   1.02750000000000       0.000000000000000E+000
   1.04250000000000       0.000000000000000E+000
   1.05750000000000       0.000000000000000E+000
   1.07250000000000       0.000000000000000E+000
   1.08750000000000       0.000000000000000E+000
   1.10250000000000       0.000000000000000E+000
   1.11750000000000       0.000000000000000E+000
   1.13250000000000       0.000000000000000E+000
   1.14750000000000       0.000000000000000E+000
   1.16250000000000       0.000000000000000E+000
   1.17750000000000       0.000000000000000E+000
   1.19250000000000       0.000000000000000E+000
   1.20750000000000       0.000000000000000E+000
   1.22250000000000       0.000000000000000E+000
   1.23750000000000       0.000000000000000E+000
   1.25250000000000       0.000000000000000E+000
   1.26750000000000       0.000000000000000E+000
   1.28250000000000       0.000000000000000E+000
   1.29750000000000       0.000000000000000E+000
   1.31250000000000       0.000000000000000E+000
   1.32750000000000       0.000000000000000E+000
   1.34250000000000       0.000000000000000E+000
   1.35750000000000       0.000000000000000E+000
   1.37250000000000       0.000000000000000E+000
   1.38750000000000       0.000000000000000E+000
   1.40250000000000       0.000000000000000E+000
   1.41750000000000       0.000000000000000E+000
   1.43250000000000       0.000000000000000E+000
   1.44750000000000       0.000000000000000E+000
   1.46250000000000       0.000000000000000E+000
   1.47750000000000       0.000000000000000E+000
   1.49250000000000       0.000000000000000E+000
   1.50750000000000       0.000000000000000E+000
   1.52250000000000       0.000000000000000E+000
   1.53750000000000       0.000000000000000E+000
   1.55250000000000       0.000000000000000E+000
   1.56750000000000       0.000000000000000E+000
   1.58250000000000       0.000000000000000E+000
   1.59750000000000       0.000000000000000E+000
   1.61250000000000       0.000000000000000E+000
   1.62750000000000       0.000000000000000E+000
   1.64250000000000       0.000000000000000E+000
   1.65750000000000       0.000000000000000E+000
   1.67250000000000       0.000000000000000E+000
   1.68750000000000       0.000000000000000E+000
   1.70250000000000       0.000000000000000E+000
   1.71750000000000       0.000000000000000E+000
   1.73250000000000       0.000000000000000E+000
   1.74750000000000       0.000000000000000E+000
   1.76250000000000       0.000000000000000E+000
   1.77750000000000       0.000000000000000E+000
   1.79250000000000       0.000000000000000E+000
   1.80750000000000       0.000000000000000E+000
   1.82250000000000       0.000000000000000E+000
   1.83750000000000       0.000000000000000E+000
   1.85250000000000       0.000000000000000E+000
   1.86750000000000       0.000000000000000E+000
   1.88250000000000       0.000000000000000E+000
   1.89750000000000       0.000000000000000E+000
   1.91250000000000       0.000000000000000E+000
   1.92750000000000       0.000000000000000E+000
   1.94250000000000       0.000000000000000E+000
   1.95750000000000       0.000000000000000E+000
   1.97250000000000       0.000000000000000E+000
   1.98750000000000       0.000000000000000E+000
   2.00250000000000       0.000000000000000E+000
   2.01750000000000       0.000000000000000E+000
   2.03250000000000       0.000000000000000E+000
   2.04750000000000       0.000000000000000E+000
   2.06250000000000       0.000000000000000E+000
   2.07750000000000       0.000000000000000E+000
   2.09250000000000       0.000000000000000E+000
   2.10750000000000       0.000000000000000E+000
   2.12250000000000       0.000000000000000E+000
   2.13750000000000       0.000000000000000E+000
   2.15250000000000       0.000000000000000E+000
   2.16750000000000       0.000000000000000E+000
   2.18250000000000       0.000000000000000E+000
   2.19750000000000       0.000000000000000E+000
   2.21250000000000       0.000000000000000E+000
   2.22750000000000       0.000000000000000E+000
   2.24250000000000       0.000000000000000E+000
   2.25750000000000       0.000000000000000E+000
   2.27250000000000       0.000000000000000E+000
   2.28750000000000       0.000000000000000E+000
   2.30250000000000       0.000000000000000E+000
   2.31750000000000       0.000000000000000E+000
   2.33250000000000       0.000000000000000E+000
   2.34750000000000       0.000000000000000E+000
   2.36250000000000       0.000000000000000E+000
   2.37750000000000       0.000000000000000E+000
   2.39250000000000       0.000000000000000E+000
   2.40750000000000       0.000000000000000E+000
   2.42250000000000       0.000000000000000E+000
   2.43750000000000       0.000000000000000E+000
   2.45250000000000       0.000000000000000E+000
   2.46750000000000       0.000000000000000E+000
   2.48250000000000       0.000000000000000E+000
   2.49750000000000       0.000000000000000E+000
   2.51250000000000       0.000000000000000E+000
   2.52750000000000       0.000000000000000E+000
   2.54250000000000       0.000000000000000E+000
   2.55750000000000       0.000000000000000E+000
   2.57250000000000       0.000000000000000E+000
   2.58750000000000       0.000000000000000E+000
   2.60250000000000       0.000000000000000E+000
   2.61750000000000       0.000000000000000E+000
   2.63250000000000       0.000000000000000E+000
   2.64750000000000       0.000000000000000E+000
   2.66250000000000       0.000000000000000E+000
   2.67750000000000       0.000000000000000E+000
   2.69250000000000       0.000000000000000E+000
   2.70750000000000       0.000000000000000E+000
   2.72250000000000       0.000000000000000E+000
   2.73750000000000       0.000000000000000E+000
   2.75250000000000       0.000000000000000E+000
   2.76750000000000       0.000000000000000E+000
   2.78250000000000       0.000000000000000E+000
   2.79750000000000       0.000000000000000E+000
   2.81250000000000       0.000000000000000E+000
   2.82750000000000       0.000000000000000E+000
   2.84250000000000       0.000000000000000E+000
   2.85750000000000       0.000000000000000E+000
   2.87250000000000       0.000000000000000E+000
   2.88750000000000       0.000000000000000E+000
   2.90250000000000       0.000000000000000E+000
   2.91750000000000       0.000000000000000E+000
   2.93250000000000       0.000000000000000E+000
   2.94750000000000       0.000000000000000E+000
   2.96250000000000       0.000000000000000E+000
   2.97750000000000       0.000000000000000E+000
   2.99250000000000       0.000000000000000E+000
   3.00750000000000       0.000000000000000E+000
   3.02250000000000       0.000000000000000E+000
   3.03750000000000       0.000000000000000E+000
   3.05250000000000       0.000000000000000E+000
   3.06750000000000       0.000000000000000E+000
   3.08250000000000       0.000000000000000E+000
   3.09750000000000       0.000000000000000E+000
   3.11250000000000       0.000000000000000E+000
   3.12750000000000       0.000000000000000E+000
   3.14250000000000       0.000000000000000E+000
   3.15750000000000       0.000000000000000E+000
   3.17250000000000       0.000000000000000E+000
   3.18750000000000       0.000000000000000E+000
   3.20250000000000       0.000000000000000E+000
   3.21750000000000       0.000000000000000E+000
   3.23250000000000       0.000000000000000E+000
   3.24750000000000       0.000000000000000E+000
   3.26250000000000       0.000000000000000E+000
   3.27750000000000       0.000000000000000E+000
   3.29250000000000       0.000000000000000E+000
   3.30750000000000       0.000000000000000E+000
   3.32250000000000       0.000000000000000E+000
   3.33750000000000       0.000000000000000E+000
   3.35250000000000       0.000000000000000E+000
   3.36750000000000       0.000000000000000E+000
   3.38250000000000       0.000000000000000E+000
   3.39750000000000       0.000000000000000E+000
   3.41250000000000       0.000000000000000E+000
   3.42750000000000       0.000000000000000E+000
   3.44250000000000       0.000000000000000E+000
   3.45750000000000       0.000000000000000E+000
   3.47250000000000       0.000000000000000E+000
   3.48750000000000       0.000000000000000E+000
   3.50250000000000       0.000000000000000E+000
   3.51750000000000       0.000000000000000E+000
   3.53250000000000       0.000000000000000E+000
   3.54750000000000       0.000000000000000E+000
   3.56250000000000       0.000000000000000E+000
   3.57750000000000       0.000000000000000E+000
   3.59250000000000       0.000000000000000E+000
   3.60750000000000       0.000000000000000E+000
   3.62250000000000       0.000000000000000E+000
   3.63750000000000       0.000000000000000E+000
   3.65250000000000       0.000000000000000E+000
   3.66750000000000       0.000000000000000E+000
   3.68250000000000       0.000000000000000E+000
   3.69750000000000       0.000000000000000E+000
   3.71250000000000       0.000000000000000E+000
   3.72750000000000       0.000000000000000E+000
   3.74250000000000       0.000000000000000E+000
   3.75750000000000       0.000000000000000E+000
   3.77250000000000       0.000000000000000E+000
   3.78750000000000       0.000000000000000E+000
   3.80250000000000       0.000000000000000E+000
   3.81750000000000       0.000000000000000E+000
   3.83250000000000       0.000000000000000E+000
   3.84750000000000       0.000000000000000E+000
   3.86250000000000       0.000000000000000E+000
   3.87750000000000       0.000000000000000E+000
   3.89250000000000       0.000000000000000E+000
   3.90750000000000       0.000000000000000E+000
   3.92250000000000       0.000000000000000E+000
   3.93750000000000       0.000000000000000E+000
   3.95250000000000       0.000000000000000E+000
   3.96750000000000       0.000000000000000E+000
   3.98250000000000       0.000000000000000E+000
   3.99750000000000       0.000000000000000E+000
   4.01250000000000       0.000000000000000E+000
   4.02750000000000       0.000000000000000E+000
   4.04250000000000       0.000000000000000E+000
   4.05750000000000       0.000000000000000E+000
   4.07250000000000       0.000000000000000E+000
   4.08750000000000       0.000000000000000E+000
   4.10250000000000       0.000000000000000E+000
   4.11750000000000       0.000000000000000E+000
   4.13250000000000       0.000000000000000E+000
   4.14750000000000       0.000000000000000E+000
   4.16250000000000       0.000000000000000E+000
   4.17750000000000       0.000000000000000E+000
   4.19250000000000       0.000000000000000E+000
   4.20750000000000       0.000000000000000E+000
   4.22250000000000       0.000000000000000E+000
   4.23750000000000       0.000000000000000E+000
   4.25250000000000       0.000000000000000E+000
   4.26750000000000       0.000000000000000E+000
   4.28250000000000       0.000000000000000E+000
   4.29750000000000       0.000000000000000E+000
   4.31250000000000       0.000000000000000E+000
   4.32750000000000       0.000000000000000E+000
   4.34250000000000       0.000000000000000E+000
   4.35750000000000       0.000000000000000E+000
   4.37250000000000       0.000000000000000E+000
   4.38750000000000       0.000000000000000E+000
   4.40250000000000       0.000000000000000E+000
   4.41750000000000       0.000000000000000E+000
   4.43250000000000       0.000000000000000E+000
   4.44750000000000       0.000000000000000E+000
   4.46250000000000       0.000000000000000E+000
   4.47750000000000       0.000000000000000E+000
   4.49250000000000       0.000000000000000E+000
   4.50750000000000       0.000000000000000E+000
   4.52250000000000       0.000000000000000E+000
   4.53750000000000       0.000000000000000E+000
   4.55250000000000       0.000000000000000E+000
   4.56750000000000       0.000000000000000E+000
   4.58250000000000       0.000000000000000E+000
   4.59750000000000       0.000000000000000E+000
   4.61250000000000       0.000000000000000E+000
   4.62750000000000       0.000000000000000E+000
   4.64250000000000       0.000000000000000E+000
   4.65750000000000       0.000000000000000E+000
   4.67250000000000       0.000000000000000E+000
   4.68750000000000       0.000000000000000E+000
   4.70250000000000       0.000000000000000E+000
   4.71750000000000       0.000000000000000E+000
   4.73250000000000       0.000000000000000E+000
   4.74750000000000       0.000000000000000E+000
   4.76250000000000       0.000000000000000E+000
   4.77750000000000       0.000000000000000E+000
   4.79250000000000       0.000000000000000E+000
   4.80750000000000       0.000000000000000E+000
   4.82250000000000       0.000000000000000E+000
   4.83750000000000       0.000000000000000E+000
   4.85250000000000       0.000000000000000E+000
   4.86750000000000       0.000000000000000E+000
   4.88250000000000       0.000000000000000E+000
   4.89750000000000       0.000000000000000E+000
   4.91250000000000       0.000000000000000E+000
   4.92750000000000       0.000000000000000E+000
   4.94250000000000       0.000000000000000E+000
   4.95750000000000       0.000000000000000E+000
   4.97250000000000       0.000000000000000E+000
   4.98750000000000       0.000000000000000E+000
   5.00250000000000       0.000000000000000E+000
   5.01750000000000       0.000000000000000E+000
   5.03250000000000       0.000000000000000E+000
   5.04750000000000       0.000000000000000E+000
   5.06250000000000       0.000000000000000E+000
   5.07750000000000       0.000000000000000E+000
   5.09250000000000       0.000000000000000E+000
   5.10750000000000       0.000000000000000E+000
   5.12250000000000       0.000000000000000E+000
   5.13750000000000       0.000000000000000E+000
   5.15250000000000       0.000000000000000E+000
   5.16750000000000       0.000000000000000E+000
   5.18250000000000       0.000000000000000E+000
   5.19750000000000       0.000000000000000E+000
   5.21250000000000       0.000000000000000E+000
   5.22750000000000       0.000000000000000E+000
   5.24250000000000       0.000000000000000E+000
   5.25750000000000       0.000000000000000E+000
   5.27250000000000       0.000000000000000E+000
   5.28750000000000       0.000000000000000E+000
   5.30250000000000       0.000000000000000E+000
   5.31750000000000       0.000000000000000E+000
   5.33250000000000       0.000000000000000E+000
   5.34750000000000       0.000000000000000E+000
   5.36250000000000       0.000000000000000E+000
   5.37750000000000       0.000000000000000E+000
   5.39250000000000       0.000000000000000E+000
   5.40750000000000       0.000000000000000E+000
   5.42250000000000       0.000000000000000E+000
   5.43750000000000       0.000000000000000E+000
   5.45250000000000       0.000000000000000E+000
   5.46750000000000       0.000000000000000E+000
   5.48250000000000       0.000000000000000E+000
   5.49750000000000       0.000000000000000E+000
   5.51250000000000       0.000000000000000E+000
   5.52750000000000       0.000000000000000E+000
   5.54250000000000       0.000000000000000E+000
   5.55750000000000       0.000000000000000E+000
   5.57250000000000       0.000000000000000E+000
   5.58750000000000       0.000000000000000E+000
   5.60250000000000       0.000000000000000E+000
   5.61750000000000       0.000000000000000E+000
   5.63250000000000       0.000000000000000E+000
   5.64750000000000       0.000000000000000E+000
   5.66250000000000       0.000000000000000E+000
   5.67750000000000       0.000000000000000E+000
   5.69250000000000       0.000000000000000E+000
   5.70750000000000       0.000000000000000E+000
   5.72250000000000       0.000000000000000E+000
   5.73750000000000       0.000000000000000E+000
   5.75250000000000       0.000000000000000E+000
   5.76750000000000       0.000000000000000E+000
   5.78250000000000       0.000000000000000E+000
   5.79750000000000       0.000000000000000E+000
   5.81250000000000       0.000000000000000E+000
   5.82750000000000       0.000000000000000E+000
   5.84250000000000       0.000000000000000E+000
   5.85750000000000       0.000000000000000E+000
   5.87250000000000       0.000000000000000E+000
   5.88750000000000       0.000000000000000E+000
   5.90250000000000       0.000000000000000E+000
   5.91750000000000       0.000000000000000E+000
   5.93250000000000       0.000000000000000E+000
   5.94750000000000       0.000000000000000E+000
   5.96250000000000       0.000000000000000E+000
   5.97750000000000       0.000000000000000E+000
   5.99250000000000       0.000000000000000E+000
   6.00750000000000       0.000000000000000E+000
   6.02250000000000       0.000000000000000E+000
   6.03750000000000       0.000000000000000E+000
   6.05250000000000       0.000000000000000E+000
   6.06750000000000       0.000000000000000E+000
   6.08250000000000       0.000000000000000E+000
   6.09750000000000       0.000000000000000E+000
   6.11250000000000       0.000000000000000E+000
   6.12750000000000       0.000000000000000E+000
   6.14250000000000       0.000000000000000E+000
   6.15750000000000       0.000000000000000E+000
   6.17250000000000       0.000000000000000E+000
   6.18750000000000       0.000000000000000E+000
   6.20250000000000       0.000000000000000E+000
   6.21750000000000       0.000000000000000E+000
   6.23250000000000       0.000000000000000E+000
   6.24750000000000       0.000000000000000E+000
   6.26250000000000       0.000000000000000E+000
   6.27750000000000       0.000000000000000E+000
   6.29250000000000       0.000000000000000E+000
   6.30750000000000       0.000000000000000E+000
   6.32250000000000       0.000000000000000E+000
   6.33750000000000       0.000000000000000E+000
   6.35250000000000       0.000000000000000E+000
   6.36750000000000       0.000000000000000E+000
   6.38250000000000       0.000000000000000E+000
   6.39750000000000       0.000000000000000E+000
   6.41250000000000       0.000000000000000E+000
   6.42750000000000       0.000000000000000E+000
   6.44250000000000       0.000000000000000E+000
   6.45750000000000       0.000000000000000E+000
   6.47250000000000       0.000000000000000E+000
   6.48750000000000       0.000000000000000E+000
   6.50250000000000       0.000000000000000E+000
   6.51750000000000       0.000000000000000E+000
   6.53250000000000       0.000000000000000E+000
   6.54750000000000       0.000000000000000E+000
   6.56250000000000       0.000000000000000E+000
   6.57750000000000       0.000000000000000E+000
   6.59250000000000       0.000000000000000E+000
   6.60750000000000       0.000000000000000E+000
   6.62250000000000       0.000000000000000E+000
   6.63750000000000       0.000000000000000E+000
   6.65250000000000       0.000000000000000E+000
   6.66750000000000       0.000000000000000E+000
   6.68250000000000       0.000000000000000E+000
   6.69750000000000       0.000000000000000E+000
   6.71250000000000       0.000000000000000E+000
   6.72750000000000       0.000000000000000E+000
   6.74250000000000       0.000000000000000E+000
   6.75750000000000       0.000000000000000E+000
   6.77250000000000       0.000000000000000E+000
   6.78750000000000       0.000000000000000E+000
   6.80250000000000       0.000000000000000E+000
   6.81750000000000       0.000000000000000E+000
   6.83250000000000       0.000000000000000E+000
   6.84750000000000       0.000000000000000E+000
   6.86250000000000       0.000000000000000E+000
   6.87750000000000       0.000000000000000E+000
   6.89250000000000       0.000000000000000E+000
   6.90750000000000       0.000000000000000E+000
   6.92250000000000       0.000000000000000E+000
   6.93750000000000       0.000000000000000E+000
   6.95250000000000       0.000000000000000E+000
   6.96750000000000       0.000000000000000E+000
   6.98250000000000       0.000000000000000E+000
   6.99750000000000       0.000000000000000E+000
   7.01250000000000       0.000000000000000E+000
   7.02750000000000       0.000000000000000E+000
   7.04250000000000       0.000000000000000E+000
   7.05750000000000       0.000000000000000E+000
   7.07250000000000       0.000000000000000E+000
   7.08750000000000       0.000000000000000E+000
   7.10250000000000       0.000000000000000E+000
   7.11750000000000       0.000000000000000E+000
   7.13250000000000       0.000000000000000E+000
   7.14750000000000       0.000000000000000E+000
   7.16250000000000       0.000000000000000E+000
   7.17750000000000       0.000000000000000E+000
   7.19250000000000       0.000000000000000E+000
   7.20750000000000       0.000000000000000E+000
   7.22250000000000       0.000000000000000E+000
   7.23750000000000       0.000000000000000E+000
   7.25250000000000       0.000000000000000E+000
   7.26750000000000       0.000000000000000E+000
   7.28250000000000       0.000000000000000E+000
   7.29750000000000       0.000000000000000E+000
   7.31250000000000       0.000000000000000E+000
   7.32750000000000       0.000000000000000E+000
   7.34250000000000       0.000000000000000E+000
   7.35750000000000       0.000000000000000E+000
   7.37250000000000       0.000000000000000E+000
   7.38750000000000       0.000000000000000E+000
   7.40250000000000       0.000000000000000E+000
   7.41750000000000       0.000000000000000E+000
   7.43250000000000       0.000000000000000E+000
   7.44750000000000       0.000000000000000E+000
   7.46250000000000       0.000000000000000E+000
   7.47750000000000       0.000000000000000E+000
   7.49250000000000       0.000000000000000E+000
   7.50750000000000       0.000000000000000E+000
   7.52250000000000       0.000000000000000E+000
   7.53750000000000       0.000000000000000E+000
   7.55250000000000       0.000000000000000E+000
   7.56750000000000       0.000000000000000E+000
   7.58250000000000       0.000000000000000E+000
   7.59750000000000       0.000000000000000E+000
   7.61250000000000       0.000000000000000E+000
   7.62750000000000       0.000000000000000E+000
   7.64250000000000       0.000000000000000E+000
   7.65750000000000       0.000000000000000E+000
   7.67250000000000       0.000000000000000E+000
   7.68750000000000       0.000000000000000E+000
   7.70250000000000       0.000000000000000E+000
   7.71750000000000       0.000000000000000E+000
   7.73250000000000       0.000000000000000E+000
   7.74750000000000       0.000000000000000E+000
   7.76250000000000       0.000000000000000E+000
   7.77750000000000       0.000000000000000E+000
   7.79250000000000       0.000000000000000E+000
   7.80750000000000       0.000000000000000E+000
   7.82250000000000       0.000000000000000E+000
   7.83750000000000       0.000000000000000E+000
   7.85250000000000       0.000000000000000E+000
   7.86750000000000       0.000000000000000E+000
   7.88250000000000       0.000000000000000E+000
   7.89750000000000       0.000000000000000E+000
   7.91250000000000       0.000000000000000E+000
   7.92750000000000       0.000000000000000E+000
   7.94250000000000       0.000000000000000E+000
   7.95750000000000       0.000000000000000E+000
   7.97250000000000       0.000000000000000E+000
   7.98750000000000       0.000000000000000E+000
   8.00250000000000       0.000000000000000E+000
   8.01750000000000       0.000000000000000E+000
   8.03250000000000       0.000000000000000E+000
   8.04750000000000       0.000000000000000E+000
   8.06250000000000       0.000000000000000E+000
   8.07750000000000       0.000000000000000E+000
   8.09250000000000       0.000000000000000E+000
   8.10750000000000       0.000000000000000E+000
   8.12250000000000       0.000000000000000E+000
   8.13750000000000       0.000000000000000E+000
   8.15250000000000       0.000000000000000E+000
   8.16750000000000       0.000000000000000E+000
   8.18250000000000       0.000000000000000E+000
   8.19750000000000       0.000000000000000E+000
   8.21250000000000       0.000000000000000E+000
   8.22750000000000       0.000000000000000E+000
   8.24250000000000       0.000000000000000E+000
   8.25750000000000       0.000000000000000E+000
   8.27250000000000       0.000000000000000E+000
   8.28750000000000       0.000000000000000E+000
   8.30250000000000       0.000000000000000E+000
   8.31750000000000       0.000000000000000E+000
   8.33250000000000       0.000000000000000E+000
   8.34750000000000       0.000000000000000E+000
   8.36250000000000       0.000000000000000E+000
   8.37750000000000       0.000000000000000E+000
   8.39250000000000       0.000000000000000E+000
   8.40750000000000       0.000000000000000E+000
   8.42250000000000       0.000000000000000E+000
   8.43750000000000       0.000000000000000E+000
   8.45250000000000       0.000000000000000E+000
   8.46750000000000       0.000000000000000E+000
   8.48250000000000       0.000000000000000E+000
   8.49750000000000       0.000000000000000E+000
   8.51250000000000       0.000000000000000E+000
   8.52750000000000       0.000000000000000E+000
   8.54250000000000       0.000000000000000E+000
   8.55750000000000       0.000000000000000E+000
   8.57250000000000       0.000000000000000E+000
   8.58750000000000       0.000000000000000E+000
   8.60250000000000       0.000000000000000E+000
   8.61750000000000       0.000000000000000E+000
   8.63250000000000       0.000000000000000E+000
   8.64750000000000       0.000000000000000E+000
   8.66250000000000       0.000000000000000E+000
   8.67750000000000       0.000000000000000E+000
   8.69250000000000       0.000000000000000E+000
   8.70750000000000       0.000000000000000E+000
   8.72250000000000       0.000000000000000E+000
   8.73750000000000       0.000000000000000E+000
   8.75250000000000       0.000000000000000E+000
   8.76750000000000       0.000000000000000E+000
   8.78250000000000       0.000000000000000E+000
   8.79750000000000       0.000000000000000E+000
   8.81250000000000       0.000000000000000E+000
   8.82750000000000       0.000000000000000E+000
   8.84250000000000       0.000000000000000E+000
   8.85750000000000       0.000000000000000E+000
   8.87250000000000       0.000000000000000E+000
   8.88750000000000       0.000000000000000E+000
   8.90250000000000       0.000000000000000E+000
   8.91750000000000       0.000000000000000E+000
   8.93250000000000       0.000000000000000E+000
   8.94750000000000       0.000000000000000E+000
   8.96250000000000       0.000000000000000E+000
   8.97750000000000       0.000000000000000E+000
   8.99250000000000       0.000000000000000E+000
   9.00750000000000       0.000000000000000E+000
   9.02250000000000       0.000000000000000E+000
   9.03750000000000       0.000000000000000E+000
   9.05250000000000       0.000000000000000E+000
   9.06750000000000       0.000000000000000E+000
   9.08250000000000       0.000000000000000E+000
   9.09750000000000       0.000000000000000E+000
   9.11250000000000       0.000000000000000E+000
   9.12750000000000       0.000000000000000E+000
   9.14250000000000       0.000000000000000E+000
   9.15750000000000       0.000000000000000E+000
   9.17250000000000       0.000000000000000E+000
   9.18750000000000       0.000000000000000E+000
   9.20250000000000       0.000000000000000E+000
   9.21750000000000       0.000000000000000E+000
   9.23250000000000       0.000000000000000E+000
   9.24750000000000       0.000000000000000E+000
   9.26250000000000       0.000000000000000E+000
   9.27750000000000       0.000000000000000E+000
   9.29250000000000       0.000000000000000E+000
   9.30750000000000       0.000000000000000E+000
   9.32250000000000       0.000000000000000E+000
   9.33750000000000       0.000000000000000E+000
   9.35250000000000       0.000000000000000E+000
   9.36750000000000       0.000000000000000E+000
   9.38250000000000       0.000000000000000E+000
   9.39750000000000       0.000000000000000E+000
   9.41250000000000       0.000000000000000E+000
   9.42750000000000       0.000000000000000E+000
   9.44250000000000       0.000000000000000E+000
   9.45750000000000       0.000000000000000E+000
   9.47250000000000       0.000000000000000E+000
   9.48750000000000       0.000000000000000E+000
   9.50250000000000       0.000000000000000E+000
   9.51750000000000       0.000000000000000E+000
   9.53250000000000       0.000000000000000E+000
   9.54750000000000       0.000000000000000E+000
   9.56250000000000       0.000000000000000E+000
   9.57750000000000       0.000000000000000E+000
   9.59250000000000       0.000000000000000E+000
   9.60750000000000       0.000000000000000E+000
   9.62250000000000       0.000000000000000E+000
   9.63750000000000       0.000000000000000E+000
   9.65250000000000       0.000000000000000E+000
   9.66750000000000       0.000000000000000E+000
   9.68250000000000       0.000000000000000E+000
   9.69750000000000       0.000000000000000E+000
   9.71250000000000       0.000000000000000E+000
   9.72750000000000       0.000000000000000E+000
   9.74250000000000       0.000000000000000E+000
   9.75750000000000       0.000000000000000E+000
   9.77250000000000       0.000000000000000E+000
   9.78750000000000       0.000000000000000E+000
   9.80250000000000       0.000000000000000E+000
   9.81750000000000       0.000000000000000E+000
   9.83250000000000       0.000000000000000E+000
   9.84750000000000       0.000000000000000E+000
   9.86250000000000       0.000000000000000E+000
   9.87750000000000       0.000000000000000E+000
   9.89250000000000       0.000000000000000E+000
   9.90750000000000       0.000000000000000E+000
   9.92250000000000       0.000000000000000E+000
   9.93750000000000       0.000000000000000E+000
   9.95250000000000       0.000000000000000E+000
   9.96750000000000       0.000000000000000E+000
   9.98250000000000       0.000000000000000E+000
   9.99750000000000       0.000000000000000E+000
   10.0125000000000       0.000000000000000E+000
   10.0275000000000       0.000000000000000E+000
   10.0425000000000       0.000000000000000E+000
   10.0575000000000       0.000000000000000E+000
   10.0725000000000       0.000000000000000E+000
   10.0875000000000       0.000000000000000E+000
   10.1025000000000       0.000000000000000E+000
   10.1175000000000       0.000000000000000E+000
   10.1325000000000       0.000000000000000E+000
   10.1475000000000       0.000000000000000E+000
   10.1625000000000       0.000000000000000E+000
   10.1775000000000       0.000000000000000E+000
   10.1925000000000       0.000000000000000E+000
   10.2075000000000       0.000000000000000E+000
   10.2225000000000       0.000000000000000E+000
   10.2375000000000       0.000000000000000E+000
   10.2525000000000       0.000000000000000E+000
   10.2675000000000       0.000000000000000E+000
   10.2825000000000       0.000000000000000E+000
   10.2975000000000       0.000000000000000E+000
   10.3125000000000       0.000000000000000E+000
   10.3275000000000       0.000000000000000E+000
   10.3425000000000       0.000000000000000E+000
   10.3575000000000       0.000000000000000E+000
   10.3725000000000       0.000000000000000E+000
   10.3875000000000       0.000000000000000E+000
   10.4025000000000       0.000000000000000E+000
   10.4175000000000       0.000000000000000E+000
   10.4325000000000       0.000000000000000E+000
   10.4475000000000       0.000000000000000E+000
   10.4625000000000       0.000000000000000E+000
   10.4775000000000       0.000000000000000E+000
   10.4925000000000       0.000000000000000E+000
   10.5075000000000       0.000000000000000E+000
   10.5225000000000       0.000000000000000E+000
   10.5375000000000       0.000000000000000E+000
   10.5525000000000       0.000000000000000E+000
   10.5675000000000       0.000000000000000E+000
   10.5825000000000       0.000000000000000E+000
   10.5975000000000       0.000000000000000E+000
   10.6125000000000       0.000000000000000E+000
   10.6275000000000       0.000000000000000E+000
   10.6425000000000       0.000000000000000E+000
   10.6575000000000       0.000000000000000E+000
   10.6725000000000       0.000000000000000E+000
   10.6875000000000       0.000000000000000E+000
   10.7025000000000       0.000000000000000E+000
   10.7175000000000       0.000000000000000E+000
   10.7325000000000       0.000000000000000E+000
   10.7475000000000       0.000000000000000E+000
   10.7625000000000       0.000000000000000E+000
   10.7775000000000       0.000000000000000E+000
   10.7925000000000       0.000000000000000E+000
   10.8075000000000       0.000000000000000E+000
   10.8225000000000       0.000000000000000E+000
   10.8375000000000       0.000000000000000E+000
   10.8525000000000       0.000000000000000E+000
   10.8675000000000       0.000000000000000E+000
   10.8825000000000       0.000000000000000E+000
   10.8975000000000       0.000000000000000E+000
   10.9125000000000       0.000000000000000E+000
   10.9275000000000       0.000000000000000E+000
   10.9425000000000       0.000000000000000E+000
   10.9575000000000       0.000000000000000E+000
   10.9725000000000       0.000000000000000E+000
   10.9875000000000       0.000000000000000E+000
   11.0025000000000       0.000000000000000E+000
   11.0175000000000       0.000000000000000E+000
   11.0325000000000       0.000000000000000E+000
   11.0475000000000       0.000000000000000E+000
   11.0625000000000       0.000000000000000E+000
   11.0775000000000       0.000000000000000E+000
   11.0925000000000       0.000000000000000E+000
   11.1075000000000       0.000000000000000E+000
   11.1225000000000       0.000000000000000E+000
   11.1375000000000       0.000000000000000E+000
   11.1525000000000       0.000000000000000E+000
   11.1675000000000       0.000000000000000E+000
   11.1825000000000       0.000000000000000E+000
   11.1975000000000       0.000000000000000E+000
   11.2125000000000       0.000000000000000E+000
   11.2275000000000       0.000000000000000E+000
   11.2425000000000       0.000000000000000E+000
   11.2575000000000       0.000000000000000E+000
   11.2725000000000       0.000000000000000E+000
   11.2875000000000       0.000000000000000E+000
   11.3025000000000       0.000000000000000E+000
   11.3175000000000       0.000000000000000E+000
   11.3325000000000       0.000000000000000E+000
   11.3475000000000       0.000000000000000E+000
   11.3625000000000       0.000000000000000E+000
   11.3775000000000       0.000000000000000E+000
   11.3925000000000       0.000000000000000E+000
   11.4075000000000       0.000000000000000E+000
   11.4225000000000       0.000000000000000E+000
   11.4375000000000       0.000000000000000E+000
   11.4525000000000       0.000000000000000E+000
   11.4675000000000       0.000000000000000E+000
   11.4825000000000       0.000000000000000E+000
   11.4975000000000       0.000000000000000E+000
   11.5125000000000       0.000000000000000E+000
   11.5275000000000       0.000000000000000E+000
   11.5425000000000       0.000000000000000E+000
   11.5575000000000       0.000000000000000E+000
   11.5725000000000       0.000000000000000E+000
   11.5875000000000       0.000000000000000E+000
   11.6025000000000       0.000000000000000E+000
   11.6175000000000       0.000000000000000E+000
   11.6325000000000       0.000000000000000E+000
   11.6475000000000       0.000000000000000E+000
   11.6625000000000       0.000000000000000E+000
   11.6775000000000       0.000000000000000E+000
   11.6925000000000       0.000000000000000E+000
   11.7075000000000       0.000000000000000E+000
   11.7225000000000       0.000000000000000E+000
   11.7375000000000       0.000000000000000E+000
   11.7525000000000       0.000000000000000E+000
   11.7675000000000       0.000000000000000E+000
   11.7825000000000       0.000000000000000E+000
   11.7975000000000       0.000000000000000E+000
   11.8125000000000       0.000000000000000E+000
   11.8275000000000       0.000000000000000E+000
   11.8425000000000       0.000000000000000E+000
   11.8575000000000       0.000000000000000E+000
   11.8725000000000       0.000000000000000E+000
   11.8875000000000       0.000000000000000E+000
   11.9025000000000       0.000000000000000E+000
   11.9175000000000       0.000000000000000E+000
   11.9325000000000       0.000000000000000E+000
   11.9475000000000       0.000000000000000E+000
   11.9625000000000       0.000000000000000E+000
   11.9775000000000       0.000000000000000E+000
   11.9925000000000       0.000000000000000E+000
   12.0075000000000       0.000000000000000E+000
   12.0225000000000       0.000000000000000E+000
   12.0375000000000       0.000000000000000E+000
   12.0525000000000       0.000000000000000E+000
   12.0675000000000       0.000000000000000E+000
   12.0825000000000       0.000000000000000E+000
   12.0975000000000       0.000000000000000E+000
   12.1125000000000       0.000000000000000E+000
   12.1275000000000       0.000000000000000E+000
   12.1425000000000       0.000000000000000E+000
   12.1575000000000       0.000000000000000E+000
   12.1725000000000       0.000000000000000E+000
   12.1875000000000       0.000000000000000E+000
   12.2025000000000       0.000000000000000E+000
   12.2175000000000       0.000000000000000E+000
   12.2325000000000       0.000000000000000E+000
   12.2475000000000       0.000000000000000E+000
   12.2625000000000       0.000000000000000E+000
   12.2775000000000       0.000000000000000E+000
   12.2925000000000       0.000000000000000E+000
   12.3075000000000       0.000000000000000E+000
   12.3225000000000       0.000000000000000E+000
   12.3375000000000       0.000000000000000E+000
   12.3525000000000       0.000000000000000E+000
   12.3675000000000       0.000000000000000E+000
   12.3825000000000       0.000000000000000E+000
   12.3975000000000       0.000000000000000E+000
   12.4125000000000       0.000000000000000E+000
   12.4275000000000       0.000000000000000E+000
   12.4425000000000       0.000000000000000E+000
   12.4575000000000       0.000000000000000E+000
   12.4725000000000       0.000000000000000E+000
   12.4875000000000       0.000000000000000E+000
   12.5025000000000       0.000000000000000E+000
   12.5175000000000       0.000000000000000E+000
   12.5325000000000       0.000000000000000E+000
   12.5475000000000       0.000000000000000E+000
   12.5625000000000       0.000000000000000E+000
   12.5775000000000       0.000000000000000E+000
   12.5925000000000       0.000000000000000E+000
   12.6075000000000       0.000000000000000E+000
   12.6225000000000       0.000000000000000E+000
   12.6375000000000       0.000000000000000E+000
   12.6525000000000       0.000000000000000E+000
   12.6675000000000       0.000000000000000E+000
   12.6825000000000       0.000000000000000E+000
   12.6975000000000       0.000000000000000E+000
   12.7125000000000       0.000000000000000E+000
   12.7275000000000       0.000000000000000E+000
   12.7425000000000       0.000000000000000E+000
   12.7575000000000       0.000000000000000E+000
   12.7725000000000       0.000000000000000E+000
   12.7875000000000       0.000000000000000E+000
   12.8025000000000       0.000000000000000E+000
   12.8175000000000       0.000000000000000E+000
   12.8325000000000       0.000000000000000E+000
   12.8475000000000       0.000000000000000E+000
   12.8625000000000       0.000000000000000E+000
   12.8775000000000       0.000000000000000E+000
   12.8925000000000       0.000000000000000E+000
   12.9075000000000       0.000000000000000E+000
   12.9225000000000       0.000000000000000E+000
   12.9375000000000       0.000000000000000E+000
   12.9525000000000       0.000000000000000E+000
   12.9675000000000       0.000000000000000E+000
   12.9825000000000       0.000000000000000E+000
   12.9975000000000       0.000000000000000E+000
   13.0125000000000       0.000000000000000E+000
   13.0275000000000       0.000000000000000E+000
   13.0425000000000       0.000000000000000E+000
   13.0575000000000       0.000000000000000E+000
   13.0725000000000       0.000000000000000E+000
   13.0875000000000       0.000000000000000E+000
   13.1025000000000       0.000000000000000E+000
   13.1175000000000       0.000000000000000E+000
   13.1325000000000       0.000000000000000E+000
   13.1475000000000       0.000000000000000E+000
   13.1625000000000       0.000000000000000E+000
   13.1775000000000       0.000000000000000E+000
   13.1925000000000       0.000000000000000E+000
   13.2075000000000       0.000000000000000E+000
   13.2225000000000       0.000000000000000E+000
   13.2375000000000       0.000000000000000E+000
   13.2525000000000       0.000000000000000E+000
   13.2675000000000       0.000000000000000E+000
   13.2825000000000       0.000000000000000E+000
   13.2975000000000       0.000000000000000E+000
   13.3125000000000       0.000000000000000E+000
   13.3275000000000       0.000000000000000E+000
   13.3425000000000       0.000000000000000E+000
   13.3575000000000       0.000000000000000E+000
   13.3725000000000       0.000000000000000E+000
   13.3875000000000       0.000000000000000E+000
   13.4025000000000       0.000000000000000E+000
   13.4175000000000       0.000000000000000E+000
   13.4325000000000       0.000000000000000E+000
   13.4475000000000       0.000000000000000E+000
   13.4625000000000       0.000000000000000E+000
   13.4775000000000       0.000000000000000E+000
   13.4925000000000       0.000000000000000E+000
   13.5075000000000       0.000000000000000E+000
   13.5225000000000       0.000000000000000E+000
   13.5375000000000       0.000000000000000E+000
   13.5525000000000       0.000000000000000E+000
   13.5675000000000       0.000000000000000E+000
   13.5825000000000       0.000000000000000E+000
   13.5975000000000       0.000000000000000E+000
   13.6125000000000       0.000000000000000E+000
   13.6275000000000       0.000000000000000E+000
   13.6425000000000       0.000000000000000E+000
   13.6575000000000       0.000000000000000E+000
   13.6725000000000       0.000000000000000E+000
   13.6875000000000       0.000000000000000E+000
   13.7025000000000       0.000000000000000E+000
   13.7175000000000       0.000000000000000E+000
   13.7325000000000       0.000000000000000E+000
   13.7475000000000       0.000000000000000E+000
   13.7625000000000       0.000000000000000E+000
   13.7775000000000       0.000000000000000E+000
   13.7925000000000       0.000000000000000E+000
   13.8075000000000       0.000000000000000E+000
   13.8225000000000       0.000000000000000E+000
   13.8375000000000       0.000000000000000E+000
   13.8525000000000       0.000000000000000E+000
   13.8675000000000       0.000000000000000E+000
   13.8825000000000       0.000000000000000E+000
   13.8975000000000       0.000000000000000E+000
   13.9125000000000       0.000000000000000E+000
   13.9275000000000       0.000000000000000E+000
   13.9425000000000       0.000000000000000E+000
   13.9575000000000       0.000000000000000E+000
   13.9725000000000       0.000000000000000E+000
   13.9875000000000       0.000000000000000E+000
   14.0025000000000       0.000000000000000E+000
   14.0175000000000       0.000000000000000E+000
   14.0325000000000       0.000000000000000E+000
   14.0475000000000       0.000000000000000E+000
   14.0625000000000       0.000000000000000E+000
   14.0775000000000       0.000000000000000E+000
   14.0925000000000       0.000000000000000E+000
   14.1075000000000       0.000000000000000E+000
   14.1225000000000       0.000000000000000E+000
   14.1375000000000       0.000000000000000E+000
   14.1525000000000       0.000000000000000E+000
   14.1675000000000       0.000000000000000E+000
   14.1825000000000       0.000000000000000E+000
   14.1975000000000       0.000000000000000E+000
   14.2125000000000       0.000000000000000E+000
   14.2275000000000       0.000000000000000E+000
   14.2425000000000       0.000000000000000E+000
   14.2575000000000       0.000000000000000E+000
   14.2725000000000       0.000000000000000E+000
   14.2875000000000       0.000000000000000E+000
   14.3025000000000       0.000000000000000E+000
   14.3175000000000       0.000000000000000E+000
   14.3325000000000       0.000000000000000E+000
   14.3475000000000       0.000000000000000E+000
   14.3625000000000       0.000000000000000E+000
   14.3775000000000       0.000000000000000E+000
   14.3925000000000       0.000000000000000E+000
   14.4075000000000       0.000000000000000E+000
   14.4225000000000       0.000000000000000E+000
   14.4375000000000       0.000000000000000E+000
   14.4525000000000       0.000000000000000E+000
   14.4675000000000       0.000000000000000E+000
   14.4825000000000       0.000000000000000E+000
   14.4975000000000       0.000000000000000E+000
   14.5125000000000       0.000000000000000E+000
   14.5275000000000       0.000000000000000E+000
   14.5425000000000       0.000000000000000E+000
   14.5575000000000       0.000000000000000E+000
   14.5725000000000       0.000000000000000E+000
   14.5875000000000       0.000000000000000E+000
   14.6025000000000       0.000000000000000E+000
   14.6175000000000       0.000000000000000E+000
   14.6325000000000       0.000000000000000E+000
   14.6475000000000       0.000000000000000E+000
   14.6625000000000       0.000000000000000E+000
   14.6775000000000       0.000000000000000E+000
   14.6925000000000       0.000000000000000E+000
   14.7075000000000       0.000000000000000E+000
   14.7225000000000       0.000000000000000E+000
   14.7375000000000       0.000000000000000E+000
   14.7525000000000       0.000000000000000E+000
   14.7675000000000       0.000000000000000E+000
   14.7825000000000       0.000000000000000E+000
   14.7975000000000       0.000000000000000E+000
   14.8125000000000       0.000000000000000E+000
   14.8275000000000       0.000000000000000E+000
   14.8425000000000       0.000000000000000E+000
   14.8575000000000       0.000000000000000E+000
   14.8725000000000       0.000000000000000E+000
   14.8875000000000       0.000000000000000E+000
   14.9025000000000       0.000000000000000E+000
   14.9175000000000       0.000000000000000E+000
   14.9325000000000       0.000000000000000E+000
   14.9475000000000       0.000000000000000E+000
   14.9625000000000       0.000000000000000E+000
   14.9775000000000       0.000000000000000E+000
   14.9925000000000       0.000000000000000E+000
   15.0075000000000       0.000000000000000E+000
