8.80    8.07   0.22   0.30    3.20    1.10    0.50 
8.00    8.30   0.26   0.22    9.80    2.90    3.20
7.99    8.93   0.26   0.30    16.3    21.0    8.10
8.87    8.07   0.24   0.30    3.90    1.10    0.60
7.76    9.48   0.22   0.24    64.3    18.6    50.8 
8.88    7.30   0.30   0.30    0.80    0.70    0.30 
8.99    7.77   0.30   0.30    2.70    1.50    1.00
12.9    7.80   0.4    0.50    1.00    1.99    0.50
12.63   8.40   0.4    0.70    1.25    3.16    0.39
11.58   8.90   0.2    0.40    1.99    5.01    0.19
10.8    7.90   0.3    0.50    1.00    1.58    0.5
9.5     8.84   0.02   0.03    33.9    51.3    20.4
7.1     8.45   0.03   0.02    5.10    7.70    3.10 
7.16    8.40   0.05   0.04    3.00    4.50    1.80
7.17    8.66   0.02   0.02    14.3    21.6    8.60
7.45    8.64   0.05   0.05    3.00    4.60    1.80
5.24    9.81   0.04   0.04    52.0    8.00    6.00 
5.04    9.00   0.09   0.05    2.00    1.00    1.00  
5.06    8.36   0.35   0.17    12.0    1.00    1.00
5.22    8.71   0.09   0.07    6.00    1.00    1.00
5.10    8.52   0.22   0.13    3.00    1.00    1.00
5.30    9.20   0.11   0.09    8.00    2.00    1.00
5.32    10.1   0.21   0.21    17.7    23.5    13.5
5.21    9.06   0.29   0.29    6.10    3.05    3.05
5.42    7.91   0.33   0.33    0.40    0.40    0.25
5.45    7.78   0.39   0.39    0.40    0.40    0.25
5.24    9.50   0.29   0.29    12.8    10.7    10.7
5.39    10.3   0.16   0.16    99.2    53.3    53.3
10.1    8.66   0.34   0.21    5.90    1.60    2.90
10.38   8.30   0.11   0.21    1.60    0.60    0.20
10.17   8.10   0.30   0.30    1.40    0.20    0.20 
11.49   8.90   0.08   0.08    4.30    4.20    2.10
9.50    8.57   0.44   0.06    4.27    7.33    0.58
9.69    6.78   0.35   0.45    0.68    0.30    0.35
10.0    7.86   0.06   0.05    0.83    0.12    0.09
10.37   7.69   0.15   0.32    0.56    0.23    0.29
10.50   8.05   0.02   0.02    1.38    0.09    0.06
9.55    9.29   0.11   0.10    0.19    0.37    0.10
4.91    8.50   0.10   0.10    3.16    5.01    1.99
4.91    9.77   0.03   0.03    0.51    0.46    0.30
4.68    9.31   0.02   0.02    0.26    0.26    0.17
4.71    10.2   0.04   0.04    0.13    0.14    0.08
5.27    9.38   0.08   0.08    0.38    0.45    0.22 
5.00    6.98   0.30   0.14    0.23    0.02    0.03 
5.00    6.81   0.41   0.50    0.11    0.10    0.05 
9.20    8.20   0.60   0.40    1.60    2.50    1.10
9.80    7.40   0.50   0.40    1.00    2.10    0.60
11.4    7.90   0.50   0.60    0.90    1.50    0.40
4.41    10.5   0.11   0.18    123.    29.7    35.4
5.19    9.51   0.13   0.21    15.5    2.61    3.99
5.08    8.01   0.23   0.23    1.20    1.99    0.66
4.89    8.54   0.25   0.25    3.46    1.21    1.26
4.97    9.17   0.25   0.24    6.45    2.46    1.77
5.36    8.76   0.15   0.28    2.57    0.81    0.48
5.13    8.92   0.16   0.25    4.26    1.49    1.02
6.78    8.81   0.17   0.33    4.26    1.36    0.94
5.13    9.80   0.09   0.18    23.98   6.92    4.48
4.72    8.59   0.24   0.31    3.23    0.84    1.04
5.31    9.63   0.12   0.20    19.49   6.81    4.35
10.01   9.10   0.10   0.10    9.00    2.00    2.00    
9.77    9.50   0.10   0.10    6.00    4.00    2.00 
8.63    8.80   0.10   0.10    3.00    2.00    2.00
7.65    9.30   0.10   0.10    6.00    1.00    1.00
11.44   8.40   0.30   0.40    2.51    1.99    0.31  
9.30    9.40   0.10   0.10    25.4    3.20    4.30  